1511267589909065730
1511267590122917892
1511267590445821955
1511267591012114433
1511267591330930689
1511267591498522625
1511267591696039940
1511267591930757121
1511267591892791298
1511267592471732225
1511267593327370243
1511267593218363394
1511267593423929353
1511267593461633024
1511267593906233345
1511267594275332096
1511267594204217349
1511267594539450368
1511267594791174146
1511267594849984512
1511267595344756739
1511267595839631361
1511267596229914626
1511267596254949379
1511267597303664646
1511267597463207944
1511267597723090953
1511267597785911296
1511267597974745094
1511267598301900803
1511267598406717443
1511267598834573314
1511267598930960391
1511267599111405571
1511267599405187075
1511267599723933701
1511267599572684805
1511267600533274624
1511267600692654083
1511267601267232771
1511267601569173505
1511267601489530884
1511267601619558403
1511267603003621380
1511267603951484932
1511267604094230535
1511267603586732036
1511267605881004033
1511267606547755009
1511267606606626817
1511267606619168773
1511267606577270785
1511267607378280451
1511267607407517696
1511267607608913921
1511267607650967552
1511267608032649217
1511267608380821509
1511267608544395266
1511267608674414600
1511267609144090625
1511267609588940801
1511267609689341952
1511267610016555008
1511267610201055237
1511267610461184003
1511267610750509059
1511267610264059906
1511267610943696901
1511267610972860418
1511267611538952194
1511267611530649603
1511267612101001217
1511267612885348359
1511267613095362561
1511267613162233860
1511267614387015680
1511267614999429121
1511267615238500356
1511267615381069827
1511267615045529604
1511267615985049600
1511267616748445697
1511267616886820865
1511267617067061250
1511267617469779971
1511267617675390976
1511267617981480963
1511267618010845186
1511267618178551812
1511267618736332802
1511267618593783816
1511267618908483587
1511267619055185926
1511267619256795143
1511267619701202946
1511267619810459654
1511267620355407876
1511267620745531395
1511267621152477189
1511267620888137731
1511267621479591940
1511267621706276869
1511267622024794117
1511267621857026050
1511267622175731718
1511267622251376641
1511267622490411009
1511267622813319171
1511267622859739139
1511267623102730243
1511267623102783489
1511267623635353603
1511267624130592768
1511267624277184512
1511267624323321861
1511267624688275462
1511267624885243905
1511267625086885892
1511267625522839555
1511267626584006659
1511267627141931008
1511267627141844996
1511267627162869760
1511267627217436678
1511267627477442565
1511267627871707138
1511267627854925828
1511267628517629954
1511267628760850432
1511267628790304773
1511267629004201984
1511267629247438852
1511267628672851973
1511267629285138434
1511267629440327682
1511267630124085251
1511267630241308675
1511267629784260611
1511267630426247168
1511267630404947972
1511267630815932419
1511267630891556872
1511267631202209798
1511267631839563782
1511267632019873796
1511267632510550021
1511267632489668612
1511267632770875396
1511267632489676800
1511267632816787462
1511267632946810890
1511267633198682113
1511267633311670272
1511267634368684037
1511267634448326656
1511267635295625216
1511267635522113543
1511267635756879879
1511267635924721667
1511267636075716609
1511267636335816706
1511267636432158720
1511267636730023937
1511267636763582467
1511267637149540354
1511267637694771204
1511267637887655941
1511267638105808899
1511267638168723459
1511267638676275204
1511267639695392771
1511267640060542976
1511267640597262343
1511267640634978304
1511267641419259908
1511267641746341892
1511267642174287883
1511267642509832195
1511267643025723393
1511267643231199232
1511267644002951171
1511267644669763584
1511267644850192384
1511267644938334210
1511267645563506688
1511267645735194626
1511267646444089347
1511267646599139329
1511267646993481736
1511267646892908546
1511267647412973569
1511267647484096516
1511267647924883456
1511267648063033344
1511267648394637314
1511267648705003520
1511267646901305345
1511267648981860353
1511267649115807747
1511267649212268546
1511267649396912129
1511267649644335109
1511267649526788097
1511267649451290628
1511267650294321157
1511267650286067716
1511267650009288706
1511267651028340742
1511267651632390146
1511267652022542336
1511267652043517955
1511267652270010369
1511267653498941447
1511267653393997824
1511267653968707585
1511267654669119489
1511267654580924421
1511267654774009858
1511267655415644161
1511267655210061830
1511267655214415874
1511267656023916545
1511267657105829897
1511267657198100487
1511267657374474241
1511267657818988544
1511267658280407051
1511267658288799754
1511267658309959685
1511267658033143817
1511267658494140423
1511267658737586181
1511267658745884672
1511267659521867776
1511267660147077123
1511267660302274564
1511267661023518720
1511267661078007813
1511267661421977603
1511267661296111616
1511267661287723009
1511267661652672515
1511267662168526848
1511267662500081664
1511267662780895234
1511267662663458816
1511267663074545670
1511267663129059330
1511267663212945409
1511267663129022468
1511267663523336192
1511267664039231491
1511267664546652162
1511267664836050947
1511267665612091394
1511267665616195584
1511267666761297922
1511267666383753217
1511267667264557056
1511267667658817539
1511267667667259394
1511267668376137731
1511267668657123332
1511267668921237508
1511267668833316869
1511267669269491714
1511267669281964033
1511267669265338381
1511267669546352642
1511267669894381573
1511267669856686082
1511267669781192705
1511267670338977793
1511267671177838594
1511267672062926850
1511267671962267650
1511267672029237251
1511267672394465284
1511267673061175302
1511267673593765891
1511267673837117445
1511267674030063620
1511267675326009350
1511267675493871620
1511267675548393473
1511267675531530242
1511267674810167296
1511267675640631298
1511267675539918850
1511267676060110850
1511267677968510978
1511267677947506689
1511267678035529733
1511267678173990916
1511267678144679938
1511267678715092995
1511267678845120519
1511267679813857283
1511267680040464386
1511267681151815683
1511267681147965443
1511267681181261826
1511267681336545281
1511267682338820096
1511267682489966593
1511267681944707072
1511267682716459009
1511267683177746433
1511267683458723843
1511267683656151041
1511267684880719875
1511267684716933123
1511267684830392321
1511267685384003584
1511267685476143111
1511267686189531138
1511267686206291974
1511267686357024780
1511267686923264002
1511267686810013699
1511267687246479364
1511267687292452866
1511267687418273797
1511267687862788097
1511267687950913537
1511267688173248519
1511267688982667268
1511267688844193801
1511267689129463812
1511267689443909633
1511267689326538763
1511267688848543745
1511267690169704457
1511267690010320902
1511267691151065094
1511267691553857538
1511267691943899141
1511267691947913223
1511267692011008000
1511267692027727873
1511267691008770053
1511267692287860741
1511267692451401729
1511267692426280962
1511267693282074633
1511267693504122883
1511267692963143691
1511267693550178305
1511267693621440513
1511267693948809221
1511267694036889601
1511267694313721862
1511267694938624000
1511267695458766849
1511267695848992773
1511267696876429314
1511267697639804936
1511267697581043721
1511267697723588608
1511267697316843522
1511267698029867008
1511267698268774402
1511267698747260931
1511267698994716673
1511267699304902656
1511267699359612929
1511267699292356609
1511267699518689282
1511267699883532288
1511267700072456193
1511267699812352000
1511267700118597634
1511267700605173762
1511267701112688640
1511267700890378247
1511267701037187077
1511267701867663362
1511267702454853637
1511267702911946754
1511267703125905408
1511267703251681288
1511267702295478272
1511267703876726793
1511267703977242624
1511267704069496832
1511267704262770688
1511267704438616071
1511267704493195271
1511267704476520452
1511267705000808450
1511267704942047235
1511267705256611843
1511267705294233600
1511267705730519043
1511267705978073094
1511267705810206724
1511267706309427209
1511267705906765825
1511267706372497411
1511267705910927362
1511267707320160260
1511267707668336644
1511267708150718470
1511267708704374787
1511267708691755009
1511267709044019204
1511267709119602692
1511267709472108548
1511267709501292547
1511267709501194243
1511267710184955909
1511267710595960836
1511267710549864448
1511267711162019843
1511267711564894213
1511267711048994816
1511267711602544642
1511267712382939136
1511267712399556620
1511267712454041606
1511267712525381640
1511267712571478017
1511267712831397893
1511267713791967232
1511267714500739074
1511267714517643269
1511267714957860869
1511267715054551041
1511267715503300612
1511267841286279172
1511267841835933697
1511267841990795266
1511267842683023368
1511267842892898305
1511267843190448133
1511267843265994753
1511267844587069446
1511267844801142787
1511267844977164294
1511267845434355714
1511267845535158274
1511267845572898818
1511267845631533073
1511267845753163777
1511267845933572099
1511267845929422854
1511267846059352067
1511267846348808194
1511267846269112327
1511267846541688833
1511267846428536834
1511267847263047683
1511267848173273089
1511267848471166977
1511267848731389960
1511267848194506757
1511267849364553731
1511267849259655168
1511267849679290368
1511267849670742017
1511267850077769728
1511267850547249154
1511267850123898881
1511267850811416583
1511267850828365825
1511267851163910146
1511267851943899136
1511267852095045632
1511267852203950082
1511267852065595392
1511267852355055618
1511267852338163713
1511267852472487939
1511267854007554053
1511267854322388994
1511267854548623360
1511267854569689089
1511267854833917953
1511267854779564038
1511267854796361732
1511267854909329410
1511267855114801156
1511267855412596738
1511267855525941248
1511267855500783618
1511267855962148871
1511267856301928453
1511267858130796544
1511267859825147906
1511267860026466308
1511267859787579394
1511267860949221376
1511267861175713796
1511267861557297155
1511267861679022082
1511267862643724290
1511267863000240128
1511267862849245188
1511267863184609280
1511267862991712262
1511267863172194304
1511267863159623682
1511267863792795650
1511267863537270785
1511267864430452740
1511267864631984130
1511267863604121601
1511267864988327938
1511267865239986178
1511267865332224002
1511267865416310788
1511267865730719745
1511267865898364929
1511267866116427777
1511267866053693440
1511267866124988418
1511267866301063168
1511267866447810562
1511267866468708357
1511267866674348034
1511267866745741316
1511267867051888642
1511267867165134849
1511267867450388486
1511267867785932802
1511267867928502278
1511267868062666752
1511267868163252227
1511267869136330754
1511267869337821189
1511267869447065606
1511267869438402560
1511267870512418829
1511267870600306691
1511267870675718144
1511267870759653381
1511267870809870340
1511267872303112194
1511267872261222401
1511267872584212483
1511267872777322496
1511267874211565568
1511267874865885184
1511267874635145224
1511267875146797069
1511267875587334147
1511267875943768066
1511267875746627584
1511267875495235585
1511267876312948737
1511267876551880706
1511267876874997760
1511267877919281154
1511267878519345152
1511267878510600193
1511267878716145667
1511267878749806593
1511267879018287105
1511267879144280065
1511267879634628609
1511267880926683138
1511267881006284801
1511267880872075266
1511267881136406529
1511267881593581573
1511267882033823746
1511267882667327494
1511267882830868480
1511267883027943430
1511267882990194697
1511267883657019399
1511267884101779457
1511267884248739841
1511267884852424707
1511267885351673856
1511267885552844806
1511267885850796037
1511267885838086144
1511267886261698560
1511267888023613440
1511267888505753603
1511267888711323651
1511267888971329539
1511267889176793092
1511267889071984644
1511267889722048514
1511267889705234432
1511267889885904899
1511267889810219016
1511267890611298307
1511267890946838530
1511267891257266181
1511267891404017664
1511267891517456387
1511267892561592326
1511267893106851844
1511267892943273986
1511267894218395651
1511267894512001026
1511267895237562371
1511267895870906368
1511267896537743364
1511267897028489221
1511267898718769154
1511267898744094721
1511267898731421703
1511267898869833730
1511267899197038592
1511267899435937793
1511267900312920070
1511267900665049089
1511267900933517312
1511267901206155264
1511267901336133632
1511267901298290691
1511267901369888771
1511267901306654730
1511267901503901696
1511267901847834626
1511267901260455938
1511267902833319940
1511267903760474116
1511267904003743748
1511267904247169026
1511267904406568965
1511267904507064325
1511267904536608772
1511267904503042051
1511267905064816640
1511267905085661190
1511267905429774341
1511267905807486976
1511267906025361412
1511267906860072960
1511267907040264196
1511267907073982464
1511267907132665857
1511267907325542402
1511267907698892803
1511267907967365120
1511267908617392128
1511267908848336896
1511267908990681093
1511267909267566592
1511267909645086723
1511267909787652096
1511267910156705792
1511267910513471496
1511267910626553860
1511267910819401733
1511267910987223043
1511267910962061314
1511267911012429828
1511267911297548288
1511267911247314950
1511267911465324544
1511267911620612097
1511267911784091654
1511267912006479874
1511267912056672256
1511267912585207810
1511267912778235906
1511267912920752128
1511267913034080258
1511267913025691651
1511267913436889092
1511267913583505412
1511267913562411013
1511267913528922115
1511267913826979849
1511267913428316165
1511267914384654338
1511267914598727680
1511267915277950977
1511267915886051328
1511267915835846657
1511267915911376899
1511267916754300928
1511267916892848128
1511267917035413508
1511267917349990403
1511267917635022848
1511267917643485184
1511267917773651969
1511267918151094274
1511267918432153600
1511267918591381508
1511267919132508163
1511267919409278976
1511267919614910464
1511267919778676746
1511267920227311619
1511267920764354560
1511267920868900864
1511267921112219649
1511267921410269184
1511267921552568320
1511267921787559936
1511267922269847561
1511267922907389952
1511267923146559490
1511267923138162692
1511267923658117130
1511267924346032133
1511267924702638080
1511267924635709442
1511267925830909956
1511267926372151300
1511267926480982019
1511267926799798276
1511267927625895939
1511267927919820800
1511267928288681988
1511267928938881024
1511267929299767297
1511267929425276931
1511267929727422470
1511267929655967746
1511267929710546948
1511267930188787713
1511267930549411847
1511267930641612802
1511267931317227530
1511267931375771655
1511267931648364548
1511267931417722888
1511267931900026883
1511267931962888193
1511267932147691521
1511267932357206019
1511267932264878080
1511267932923383808
1511267933464539136
1511267933779283968
1511267933980442630
1511267934123008000
1511267934466981888
1511267934525661186
1511267934756229127
1511267935033114631
1511267935301603334
1511267935230349321
1511267935435702274
1511267936287268865
1511267936631197698
1511267936727887874
1511267936853504003
1511267936371097607
1511267937730326536
1511267938011123715
1511267938019397639
1511267938829234176
1511267939085066240
1511267940154421248
1511267940850561026
1511267940922183685
1511267941261758465
1511267941148364806
1511267941651787779
1511267943321153536
1511267943417528322
1511267943866376198
1511267943921106951
1511267943769952263
1511267944109645825
1511267944554283008
1511267944705187840
1511267944562827264
1511267945053405189
1511267945560817667
1511267945909198850
1511267946143920134
1511267946429042692
1511267947691458561
1511267947645321219
1511267948006187012
1511267947914084354
1511267948098633736
1511267949646172166
1511267949746741258
1511267949675708417
1511267949839065093
1511267950182940675
1511267950216589313
1511267949549658116
1511267950556233728
1511267950673731591
1511267951579652103
1511267951936258049
1511267952749854721
1511267953341341697
1511267953563815938
1511267953563607043
1511267954318626820
1511267954687713284
1511267954746404869
1511267954071117824
1511267954943356933
1511267955392360449
1511267955832942594
1511267956160102402
1511267956428210181
1511267956960874496
1511267957569171462
1511267957820776452
1511267957808111618
1511267957942501378
1511267958068334603
1511267957879734275
1511267958441525253
1511267958537998342
1511267959095844866
1511267959502630914
1511267960056393729
1511267960194846725
1511267960538767364
1511267960752521220
1511267960882667520
1511267961121611781
1511267961985667073
1511267962770104322
1511267963013373954
1511267964040929283
1511267964867293189
1511267964863098890
1511267964800348160
1511267964577792004
1511267965643145216
1511267966054109188
1511267967841243138
1511267968398807044
1511267969287999490
1511267969640415241
1511267969808343051
1511267970017804293
1511267970252779523
1511267970458468355
1511267970533765125
1511267970944839688
1511267970932264964
1511267970974388224
1511267971062194180
1511267971288944649
1511267972177965059
1511267972974841860
1511267973486587910
1511267973633351681
1511267973465620480
1511267976213057536
1511267976422563846
1511267977278091274
1511267977110376451
1511267977227694080
1511267977655685123
1511267977911578624
1511267978024792068
1511267978305839110
1511267978188398593
1511267978238640132
1511267978704465921
1511267979165515778
1511267980155363336
1511267980063166467
1511267980172222465
1511267980247719943
1511267980596101122
1511267981044633607
1511267981820678149
1511267981946466307
1511267982139445248
1511267983255085060
1511267983674712068
1511267984043651073
1511267984819503108
1511267985201467394
1511267985033658377
1511267986312679430
1511267986342313984
1511267986400808960
1511267986916655106
1511267986883035138
1511267987117985794
1511267987545899010
1511267987520737282
1511267987508060161
1511267987793321990
1511267987961044995
1511267987868864513
1511267988628021248
1511267988787261443
1511267988585992197
1511267989517062146
1511267989705965571
1511267989739515910
1511267989798141962
1511267989781368832
1511267991056527364
1511267991056441347
1511267991014367235
1511267991169773575
1511267991647924228
1511267991630987268
1511267992054939651
1511267992176410628
1511267992277069824
1511267992792875012
1511267992939954184
1511267993250062336
1511267994495819780
1511267994936098824
1511267996572033029
1511267997213769728
1511267997544960009
1511267997612232706
1511267997599805451
1511267997293309953
1511267998069317638
1511267998232944641
1511267998149058567
1511267998643929090
1511267998845358088
1511267999034101768
1511267999126278146
1511267999709237253
1511267999663153160
1511268000141398016
1511268000229326850
1511268000061702145
1511268000208502786
1511268000426512384
1511268000401625093
1511268000757960704
1511268001265651713
1511268002087378946
1511268002238386176
1511268001991086082
1511268002859204612
1511268003362447362
1511268004117598211
1511268004591456258
1511268004843204611
1511268005002739712
1511268005195534341
1511268005799469057
1511268006063742978
1511268006432628740
1511268006483144705
1511268007007461383
1511268007921827845
1511268007837847553
1511268008005566466
1511268007900852234
1511268008219623425
1511268008798396420
1511268009033154562
1511268009339465728
1511268009242996741
1511268010719596546
1511268011168047107
1511268011679920133
1511268013420470276
1511268013357428736
1511268013571407874
1511268014028730373
1511268014477373448
1511268014561312771
1511268014523527168
1511268015395983362
1511268015316545544
1511268015564013572
1511268015949578247
1511268016083935237
1511268016561876995
1511268017119846402
1511268017220591618
1511268017052782594
1511268017375793152
1511268017186873346
1511268017438662656
1511268017610670084
1511268017518354438
1511268017778606080
1511268017770057729
1511268018252255235
1511268018688761860
1511268019426713602
1511268020160974849
1511268020336869380
1511268020383109125
1511268020693442561
1511268021343506436
1511268022660575234
1511268023042297860
1511268023113551875
1511268024317202437
1511268024308879368
1511268024518594562
1511268024589897732
1511268025772785665
1511268025911197696
1511268026275966976
1511268027232550920
1511268028138364928
1511268028083847173
1511268028612112384
1511268028801073156
1511268028994007041
1511268029023334402
1511268028918468611
1511268029136793600
1511268029262405637
1511268029425930241
1511268029770117123
1511268030000553988
1511268030076047360
1511268030109655042
1511268031028158466
1511268031431069699
1511268031548497922
1511268031548248069
1511268031514746884
1511268031791792135
1511268031867105283
1511268032450109440
1511268032483528707
1511268032668221441
1511268032856924162
1511268033804783618
1511268034782003200
1511268035469979653
1511268035910377473
1511268035801272321
1511268036128432131
1511268036594081798
1511268040121495555
1511268040310022146
1511268040662564865
1511268041107070978
1511268041975386112
1511268041992118272
1511268042503819266
1511268043577454592
1511268043724369920
1511268044601016320
1511268044537880580
1511268045699825666
1511268046186647556
1511268045930565634
1511268047004528649
1511268047608172546
1511268047725932547
1511268047859847168
1511268047918493696
1511268048518496259
1511268049223098370
1511268049940365313
1511268050112237575
1511268050804219905
1511268051475476486
1511268051538219014
1511268052599709701
1511268052620480521
1511268052721147906
1511268053404766208
1511268053698416642
1511268053148864514
1511268054277275667
1511268054726029313
1511268054784782340
1511268055925542915
1511268056378621952
1511268056894373889
1511268057972453378
1511268058073026561
1511268058190462976
1511268058744209410
1511268058878382082
1511268058995867649
1511268059494891520
1511268059524517892
1511268059524255746
1511268059612270592
1511268059469819906
1511268060786839557
1511268061240000515
1511268061374193666
1511268061785079810
1511268061797847040
1511268062405795843
1511268062385049605
1511268062728945664
1511268063957884931
1511268064347705344
1511268065065172993
1511268065090101251
1511268065300082696
1511268065656422400
1511268066159640577
1511268068005236739
1511268068244271107
1511268068344872961
1511268068361650177
1511268068525330434
1511268068999065600
1511268069057851395
1511268069234012160
1511268069389344777
1511268069611606016
1511268069913464833
1511268070198702084
1511268070756601858
1511268071046012933
1511268071301955588
1511268071402524677
1511268071415103489
1511268072929300480
1511268072870490114
1511268073327808515
1511268072849608707
1511268073436762119
1511268073780748288
1511268073726267392
1511268073906577410
1511268074309263363
1511268074577707017
1511268074812547077
1511268074812751875
1511268074711707649
1511268075072598018
1511268075282350080
1511268075752022018
1511268076146544643
1511268076305715205
1511268076779712513
1511268077048057860
1511268077228462086
1511268077190754309
1511268077127745540
1511268077828292611
1511268078008651781
1511268078344044547
1511268078230851584
1511268079493337096
1511268079791128580
1511268080088977410
1511268080223203329
1511268080592330755
1511268080814632964
1511268081091366917
1511268081166954496
1511268081393451018
1511268081963872260
1511268082362339329
1511268082836193284
1511268082941145090
1511268083033272322
1511268083880579072
1511268084107124740
1511268084132478976
1511268084086022149
1511268085277335552
1511268085294018561
1511268085998645248
1511268086426607617
1511268086929833985
1511268087600984066
1511268088414711808
1511268088993677319
1511268089219985409
1511268089396084740
1511268091094835202
1511268091103219714
1511268091912613892
1511268092864782339
1511268094345461767
1511268094467096576
1511268095016546314
1511268095960264707
1511268096232755205
1511268096304058368
1511268096404819973
1511268096706764803
1511268097294016512
1511268097097101312
1511268097939976192
1511268098078388233
1511268098657198084
1511268098866880512
1511268099118485508
1511268099168907267
1511268099202420737
1511268100095700996
1511268100464852993
1511268100859207684
1511268100779528192
1511268100821463047
1511268100859125760
1511268101152817153
1511268101354307595
1511268101668626432
1511268101744394244
1511268101886676992
1511268101622542339
1511268101920522243
1511268101962280964
1511268102675513345
1511268103161790466
1511268103157698564
1511268104139165699
1511268104441110531
1511268105053384710
1511268105904787462
1511268106458574852
1511268107259633666
1511268108056547330
1511268108123705348
1511268107876134913
1511268108614393858
1511268108664819717
1511268109004513281
1511268109214126084
1511268109415591937
1511268109210034182
1511268109994311687
1511268110245969925
1511268110816403456
1511268111118643203
1511268111437242368
1511268111890231296
1511268111860867072
1511268112116731908
1511268112192380928
1511268112901025793
1511268112271908864
1511268112783622145
1511268113081245704
1511268114117595137
1511268114360684547
1511268114402406405
1511268114763239427
1511268115681841153
1511268115769929735
1511268116088643586
1511268116109864967
1511268116449226757
1511268116394881027
1511268116881612803
1511268117149847557
1511268117439254531
1511268117565132803
1511268117808398343
1511268117787389954
1511268118102147072
1511268118940823552
1511268119481884674
1511268119444135937
1511268119557570561
1511268120350052356
1511268121063174148
1511268121130446849
1511268121415405572
1511268121402871810
1511268121755230209
1511268121709105158
1511268121801338881
1511268121935556609
1511268122480807943
1511268122854309889
1511268123013431296
1511268123168710656
1511268123520995329
1511268123588149253
1511268123529420800
1511268124435353605
1511268125488316419
1511268125597220865
1511268126058496006
1511268126817767425
1511268127002214402
1511268127329464328
1511268127748804609
1511268128260608007
1511268128671608837
1511268128826839041
1511268129183342595
1511268129636290571
1511268129938227203
1511268130131169281
1511268130206945287
1511268130408087555
1511268130420506630
1511268130471002112
1511268130391478275
1511268130575761408
1511268130894491650
1511268131515383813
1511268131829948416
1511268132962373635
1511268133113241609
1511268133323296773
1511268133486710784
1511268133671096324
1511268133746712583
1511268134518468608
1511268134879170560
1511268136166871054
1511268136405946369
1511268136514985985
1511268136762314761
1511268137274122240
1511268137307893763
1511268137274327045
1511268137676992517
1511268138804994049
1511268139144728581
1511268139044159488
1511268139241246721
1511268139585187843
1511268139954315264
1511268142756118533
1511268143037046788
1511268142772850696
1511268143498350593
1511268143607468033
1511268143951454212
1511268144039481345
1511268144110833667
1511268144014319620
1511268145251733504
1511268146023387139
1511268146275143682
1511268146321235972
1511268146895761408
1511268147508219912
1511268147587858434
1511268147223015424
1511268147877187585
1511268148774944769
1511268149378789378
1511268149617778689
1511268149664096257
1511268150440075265
1511268150561628164
1511268151115530240
1511268150779781120
1511268151610204161
1511268151727894532
1511268152142872578
1511268152247734274
1511268152340013059
1511268152956669955
1511268152939843589
1511268153313357827
1511268153640239106
1511268153577332738
1511268153980076035
1511268154059771904
1511268154022178817
1511268155276075012
1511268155691528200
1511268155687157771
1511268156035149824
1511268156131602435
1511268156416962562
1511268156505047043
1511268156836388867
1511268156760862720
1511268157545414660
1511268157943599105
1511268158140665857
1511268158258450437
1511268158774075393
1511268158627274755
1511268159185199114
1511268159424065538
1511268159440924672
1511268159428435970
1511268159445213184
1511268159470415873
1511268159529299977
1511268160393158659
1511268160766361602
1511268161382981636
1511268161521610752
1511268161739444224
1511268161672286212
1511268161718562817
1511268162712571904
1511268163241009159
1511268163954089994
1511268164138676231
1511268164323139584
1511268164574752774
1511268164746813442
1511268165019484162
1511268165518561280
1511268165694771202
1511268166109908992
1511268166151938048
1511268166667681792
1511268166881751040
1511268167003295746
1511268167741771778
1511268168471388161
1511268168534310914
1511268169247301635
1511268169557630977
1511268169188528130
1511268169884839937
1511268170228768770
1511268170908286977
1511268170874642436
1511268170946199556
1511268171164049413
1511268171939995648
1511268172132978688
1511268172476862465
1511268172946714631
1511268173043179520
1511268173756174337
1511268174049980419
1511268174133608450
1511268174519758854
1511268175035387914
1511268175941316609
1511268175991685224
1511268175396188160
1511268176239251456
1511268176377565185
1511268176218460160
1511268176746536960
1511268176860004352
1511268177262653446
1511268177421893635
1511268177837268999
1511268178055208976
1511268178017538048
1511268178663518214
1511268178734759938
1511268178923606018
1511268179795853318
1511268180156510209
1511268180316073984
1511268180349628419
1511268180458618889
1511268180722950144
1511268181033238532
1511268181293342723
1511268181595369473
1511268181892993035
1511268182228713472
1511268182987792390
1511268182987845634
1511268183185014785
1511268183277146114
1511268183268896768
1511268184212619272
1511268184229306376
1511268184212623360
1511268185257005058
1511268185454092291
1511268184116051972
1511268185630294022
1511268185382670339
1511268185617887234
1511268185886003202
1511268186074845193
1511268186666291202
1511268186683244545
1511268187127660552
1511268187698085890
1511268187614101514
1511268187890933760
1511268188503228423
1511268189296025603
1511268189560541184
1511268189388390402
1511268189832982531
1511268189916774400
1511268190302924800
1511268190575157248
1511268191015682051
1511268191015940105
1511268191619670017
1511268192672530440
1511268192685113344
1511268192810721282
1511268192718663685
1511268194064863234
1511268193976864770
1511268194652426240
1511268194987638788
1511268195856191489
1511268196275339265
1511268196355039233
1511268196048904194
1511268196669566978
1511268196744982532
1511268196782858241
1511268197651075076
1511268197919608832
1511268198179553280
1511268198506708995
1511268199081328642
1511268199291097093
1511268199177748482
1511268199328854017
1511268199991431172
1511268200549343233
1511268200750661634
1511268200687845378
1511268201208086530
1511268201648242689
1511268202512277505
1511268201933463553
1511268203497930752
1511268203825012745
1511268204747894787
1511268205071048706
1511268205557391360
1511268205456916480
1511268205964271624
1511268206400491520
1511268206958333959
1511268207197364224
1511268207662882816
1511268208153616388
1511268209047097346
1511268209852579846
1511268210028552195
1511268210594697220
1511268210678632450
1511268210632699907
1511268210892541952
1511268211270037507
1511268211316203523
1511268211546898434
1511268212024877059
1511268212100509697
1511268212264128512
1511268212553437189
1511268212926824452
1511268213329625093
1511268213488824323
1511268213539098624
1511268214227021830
1511268213702774785
1511268215141376003
1511268215342747648
1511268215976038402
1511268216038952961
1511268215447502850
1511268216584249348
1511268217121124353
1511268217322602497
1511268217653633026
1511268217733496835
1511268217972535298
1511268217901449219
1511268218207453187
1511268218513817600
1511268218756763651
1511268218941452298
1511268219700625409
1511268220073828354
1511268220279443456
1511268220820508675
1511268220883283969
1511268221105627144
1511268221214724098
1511268221592162308
1511268222842068998
1511268223060226048
1511268223693385734
1511268223890694144
1511268223982833668
1511268224314314755
1511268224603770880
1511268224918507521
1511268225715212290
1511268226180788227
1511268225308246017
1511268227493634050
1511268226990325760
1511268227770466305
1511268228370157570
1511268228466724864
1511268228026499073
1511268228072452104
1511268228860977154
1511268228810612739
1511268229842456582
1511268229666193410
1511268229896761349
1511268230358306820
1511268230366896131
1511268230979014658
1511268231100649476
1511268231608254466
1511268231536906241
1511268231902040064
1511268232044642310
1511268232077856772
1511268232962879488
1511268233462128644
1511268233823023107
1511268234217115649
1511268234565234695
1511268234489520129
1511268234980433925
1511268234980376581
1511268235697692672
1511268235810947072
1511268236037398533
1511268236125429761
1511268237845090304
1511268238507880450
1511268238885326852
1511268239170588676
1511268239569043456
1511268239346700294
1511268239422201856
1511268239459819523
1511268240474968064
1511268240802172931
1511268241133477890
1511268241661902850
1511268241511006216
1511268241842139140
1511268243293585408
1511268243620646916
1511268243692212227
1511268243658342400
1511268243847188488
1511268244119764992
1511268244749185024
1511268245306847236
1511268245441060866
1511268245600608256
1511268245621415939
1511268245738774537
1511268246204387332
1511268246212599811
1511268246326059010
1511268246921838594
1511268247601139712
1511268248137846785
1511268248242864129
1511268248272216066
1511268248825835526
1511268249023008769
1511268249366900736
1511268249635336205
1511268250188931075
1511268249341624320
1511268250046595075
1511268251170394113
1511268251707215872
1511268252139335687
1511268253166931971
1511268254375092232
1511268254769111041
1511268254723026947
1511268254836273156
1511268255050129410
1511268255226376192
1511268255394148358
1511268256467898372
1511268256539353089
1511268256736182274
1511268257096904705
1511268257407414278
1511268257470492676
1511268257738731525
1511268257851916288
1511268258141413389
1511268259001434114
1511268259441659904
1511268259504406532
1511268259693223943
1511268260016234500
1511268260712439809
1511268261786271747
1511268262033592325
1511268262382030850
1511268262822223875
1511268263006818308
1511268263841435648
1511268263992438787
1511268264269164548
1511268264332124162
1511268264625778689
1511268265653587968
1511268266399846403
1511268266475409408
1511268267423322118
1511268267465363463
1511268267700068355
1511268267884744708
1511268267326849029
1511268268333576192
1511268268711026690
1511268268761309184
1511268268828504069
1511268269197598720
1511268269331988482
1511268269243748354
1511268269256228867
1511268269373771779
1511268269587632130
1511268270686588932
1511268271286362115
1511268271617630216
1511268271718289412
1511268272750137348
1511268273261887489
1511268273341542402
1511268274088124420
1511268274289446912
1511268274440343555
1511268275224817668
1511268275493212167
1511268275723907073
1511268275505692679
1511268275518570497
1511268275853877251
1511268277103833090
1511268278223740932
1511268278122991616
1511268278680883203
1511268279104454663
1511268279402344448
1511268279004073985
1511268280090210309
1511268280496902154
1511268280941834241
1511268281071583239
1511268281532837890
1511268281646292992
1511268281780473858
1511268282179141632
1511268282137219073
1511268281876979714
1511268282745208836
1511268283504369664
1511268284691357696
1511268284833968130
1511268285194838023
1511268285215813632
1511268285395972100
1511268285584580611
1511268286008381446
1511268286054514688
1511268286469533699
1511268286809313286
1511268287174389762
1511268287254085635
1511268287207944192
1511268287476375555
1511268287778377728
1511268287811887109
1511268287908298753
1511268288587866114
1511268288822759424
1511268288747257860
1511268289623826436
1511268289963606017
1511268289875517446
1511268291108655105
1511268291540619267
1511268291913920515
1511268292014776321
1511268291997749253
1511268292329103362
1511268292870221830
1511268292744339458
1511268292895289347
1511268292886900740
1511268293168058371
1511268293251805185
1511268294329782273
1511268295097270274
1511268295411961857
1511268295269249028
1511268296724688898
1511268296607162369
1511268296951275521
1511268297135857672
1511268297727102976
1511268297517510664
1511268298024910853
1511268298398519300
1511268298935087105
1511268299002327041
1511268299073597440
1511268299337740288
1511268299232919552
1511268299514028036
1511268299753103360
1511268300071837698
1511268300214386689
1511268300331827200
1511268300558417920
1511268300835147780
1511268301111975936
1511268301325971460
1511268301967613954
1511268301900550145
1511268302286626818
1511268302244524036
1511268302307348483
1511268302500372486
1511268302760382464
1511268303125336070
1511268303309885440
1511268303423127555
1511268303913717765
1511268303867719685
1511268304043876356
1511268304065036291
1511268304329007111
1511268304500965379
1511268305335734274
1511268306745008131
1511268307537596422
1511268308020076547
1511268308166791168
1511268308409937934
1511268308997357573
1511268309148315650
1511268309383069701
1511268309429235718
1511268309525843968
1511268310184345604
1511268310201118722
1511268310339436548
1511268310394064898
1511268310481965062
1511268310742179845
1511268311077736453
1511268311287275527
1511268311291633664
1511268311585239040
1511268311937413121
1511268312164216834
1511268312600268805
1511268312982106113
1511268313015349248
1511268313598672896
1511268313480851460
1511268314508836865
1511268314294669314
1511268314739261443
1511268314856759301
1511268316006039558
1511268316521893892
1511268316786085892
1511268317147074563
1511268317666893828
1511268317750652928
1511268318145318914
1511268318199623681
1511268318598111233
1511268319042625536
1511268319164198917
1511268319449346051
1511268320435081216
1511268320691040256
1511268320829489153
1511268321160802304
1511268321659813888
1511268321806921729
1511268322133917698
1511268322343411713
1511268322205122560
1511268322758770914
1511268322779799555
1511268323127967748
1511268323543199750
1511268323752873984
1511268323811487745
1511268323748679681
1511268324277116931
1511268324587433985
1511268324638081025
1511268324763586568
1511268324767903747
1511268325254385666
1511268325413859328
1511268326542086144
1511268326713999364
1511268326760194049
1511268326898556929
1511268327288717317
1511268327590707208
1511268327800418308
1511268327909380100
1511268327989129216
1511268328479858690
1511268328542654466
1511268328391729154
1511268327351533576
1511268329209667587
1511268329545093126
1511268329759166465
1511268329855483904
1511268329880797186
1511268329973239813
1511268330404986882
1511268330501410823
1511268331038425090
1511268332087164933
1511268332116267008
1511268333077016576
1511268333366255620
1511268333504667649
1511268333685026819
1511268333836017664
1511268334125424640
1511268334339297287
1511268334326661120
1511268335408848899
1511268335681372165
1511268336524476417
1511268336310628360
1511268337031991300
1511268337245949953
1511268337443086340
1511268337707278336
1511268337959206912
1511268337925464069
1511268338420363268
1511268339053649920
1511268339296964612
1511268339691233284
1511268339628359680
1511268339758383104
1511268339695468547
1511268340185980930
1511268340446248964
1511268341213712384
1511268341444345856
1511268341570224132
1511268342228824065
1511268342815895557
1511268343344365570
1511268343583768578
1511268343876968448
1511268344153915395
1511268344401469442
1511268344674107393
1511268344682401796
1511268344699232258
1511268344900595714
1511268345244487683
1511268345559015426
1511268345097916422
1511268346649526272
1511268346645340163
1511268347006103552
1511268347177885699
1511268347979182083
1511268348092469248
1511268349099061250
1511268348742483978
1511268349321306112
1511268349556240385
1511268349962907650
1511268350390796296
1511268349489127428
1511268350751506437
1511268351493955590
1511268353167482885
1511268353171759105
1511268353863663618
1511268353553444869
1511268352790089728
1511268354178396161
1511268354111193090
1511268354576769024
1511268354887241729
1511268355009028105
1511268355449266178
1511268355835056132
1511268356585832448
1511269867105624065
1511269867319615493
1511269867307081737
1511269867957243905
1511269868318134273
1511269869081305089
1511269869450235904
1511269870029217792
1511269870872182791
1511269871329460224
1511269871065178114
1511269871916568577
1511269871832686596
1511269872528932864
1511269871409147908
1511269872931463169
1511269872948363264
1511269873070092290
1511269873527439363
1511269874022105094
1511269874135408642
1511269874735099909
1511269875360141316
1511269875511177222
1511269875502571525
1511269874991079428
1511269875800584193
1511269875708317696
1511269876467474435
1511269877838860297
1511269878082289666
1511269878115848198
1511269878438633474
1511269878732242946
1511269878854004737
1511269879432855553
1511269879332188166
1511269879743229954
1511269879818588170
1511269879801954311
1511269880397725696
1511269880435294208
1511269881190223875
1511269882045812736
1511269882263973890
1511269882540838915
1511269882784010240
1511269882935103490
1511269882683441154
1511269883149185025
1511269883199176708
1511269883266351111
1511269883291795458
1511269883522301952
1511269883597705216
1511269884210167810
1511269884360941570
1511269884403007497
1511269884507873285
1511269885120335881
1511269884235501570
1511269886026305536
1511269886068240386
1511269887888564225
1511269888022745088
1511269887989141510
1511269888035201024
1511269888253468675
1511269888618291202
1511269888626761728
1511269888798593024
1511269888806903808
1511269888945315840
1511269889037811716
1511269889486512131
1511269889440468997
1511269889394233345
1511269889901830148
1511269889927151619
1511269889969111046
1511269890002464770
1511269890141061124
1511269890098819076
1511269890241531905
1511269890656976898
1511269891562786816
1511269892305137671
1511269892649070598
1511269893164998657
1511269893743812612
1511269893831806978
1511269893965983746
1511269894259621888
1511269894381260801
1511269894440067072
1511269894339403776
1511269894758748163
1511269895387983873
1511269895463481350
1511269895689887747
1511269896084066311
1511269896428171265
1511269896591532033
1511269896642260995
1511269897367654400
1511269896969076737
1511269898026201089
1511269898558881794
1511269898806337536
1511269899305472000
1511269900106579969
1511269900232413184
1511269900966375424
1511269901591359490
1511269903348781056
1511269903285866498
1511269903961108481
1511269904309096451
1511269904615411722
1511269904745484290
1511269904778862592
1511269904854491142
1511269905034887169
1511269905395437578
1511269905970122756
1511269906611904512
1511269906754547714
1511269906955882496
1511269906980945921
1511269907454902273
1511269907719241734
1511269907677290501
1511269908927193090
1511269910256750599
1511269910353170433
1511269911129120770
1511269911691075586
1511269912173756419
1511269912135999493
1511269912198750217
1511269912475484162
1511269912664326146
1511269913092108294
1511269913435987970
1511269913536741376
1511269913926713344
1511269914044252160
1511269914086060033
1511269914279129089
1511269914320986121
1511269914300006403
1511269914824298501
1511269916074205189
1511269915910881284
1511269916527460353
1511269916556541953
1511269916166737920
1511269916766203906
1511269916841816067
1511269916523089927
1511269917214973956
1511269917529542658
1511269917429211139
1511269917617795072
1511269918234267654
1511269918528118789
1511269918452289539
1511269918729293824
1511269919014649856
1511269919022755845
1511269919563915264
1511269919882571781
1511269919039578113
1511269919823994882
1511269919886872578
1511269920285544451
1511269920490799104
1511269920671100930
1511269921006788609
1511269921929506817
1511269922114056195
1511269922185355267
1511269922067951619
1511269922416230405
1511269923082977285
1511269922571137029
1511269923473047553
1511269923762360327
1511269923875528707
1511269923993047045
1511269923854729217
1511269924106342404
1511269924068634627
1511269924324397057
1511269924479672322
1511269924475486208
1511269924798357507
1511269924777304064
1511269925322637315
1511269925750517763
1511269925918482436
1511269926190858244
1511269926534795267
1511269925704409088
1511269927008808963
1511269926455103490
1511269927344353283
1511269928371998727
1511269928350982146
1511269928896237576
1511269929164619781
1511269929269530626
1511269929315713029
1511269928845946883
1511269929596907524
1511269929676423169
1511269929764659206
1511269929764462593
1511269929928261639
1511269930301222912
1511269930762706948
1511269930905190400
1511269930984894468
1511269932125892608
1511269932415266818
1511269932536893441
1511269932536901636
1511269932679548928
1511269932968730628
1511269932960727042
1511269933811785736
1511269934097121282
1511269934042652673
1511269934432727044
1511269934688579592
1511269934944468996
1511269935141564417
1511269935581913092
1511269935623729154
1511269936211050500
1511269936743780353
1511269936773332992
1511269937267892224
1511269937200914435
1511269937427652611
1511269937716760584
1511269937955934217
1511269938027458563
1511269938169790466
1511269938249580551
1511269938442424321
1511269938962522114
1511269938882916361
1511269939050594305
1511269939310604293
1511269939679993856
1511269940006821895
1511269940116037635
1511269940414005250
1511269940539580426
1511269940602540032
1511269940824887297
1511269941387067395
1511269941596536837
1511269941441404929
1511269941823033345
1511269942443667461
1511269942502600707
1511269943391580166
1511269943832199169
1511271378242183170
1511271378376343554
1511271378301091840
1511271378607038467
1511271377923452932
1511271378628104195
1511271379974434818
1511271380137951233
1511271381375328258
1511271381735981056
1511271382159486976
1511271382331580420
1511271382369587201
1511271382809669637
1511271382952386562
1511271383212474370
1511271383040413697
1511271382872694784
1511271383388594180
1511271383539486725
1511271383740915714
1511271384135184385
1511271384366092291
1511271385255006208
1511271385372532739
1511271385770954756
1511271385964101633
1511271386911703042
1511271386911846401
1511271386907611138
1511271387163418625
1511271386475638784
1511271387717111809
1511271387700383745
1511271388316938244
1511271389025734658
1511271388359049219
1511271389189353473
1511271389856210949
1511271390514716675
1511271390866984964
1511271390904791045
1511271390829158406
1511271391768702976
1511271393052274688
1511271393044078595
1511271393077432325
1511271393400434692
1511271393643560963
1511271393723400195
1511271393178136579
1511271395686289411
1511271395661074439
1511271395409362944
1511271395933798400
1511271395912736770
1511271396340637700
1511271396109950981
1511271396495736832
1511271396424441858
1511271396822945797
1511271396902588419
1511271397028659209
1511271397183602691
1511271397167099908
1511271398274215936
1511271398680973315
1511271399075500032
1511271401013002241
1511271401092784129
1511271400962723843
1511271401373765635
1511271401633853442
1511271402120306694
1511271403001110530
1511271403718422529
1511271404469198851
1511271404284661768
1511271404808847360
1511271405521973253
1511271405572464642
1511271406138392581
1511271406520004608
1511271406402691074
1511271407522828290
1511271407816257541
1511271407950442497
1511271407958831107
1511271406600089602
1511271408604745731
1511271408747302913
1511271408944369669
1511271409456140291
1511271409749676034
1511271409779187713
1511271410102067202
1511271410240479233
1511271410383343624
1511271410840211458
1511271411935023107
1511271412098646016
1511271412090216453
1511271412329492482
1511271411486277636
1511271413444882444
1511271413507837955
1511271413935755267
1511271414027935751
1511271414673858561
1511271414803927041
1511271414392922114
1511271414996811776
1511271415336648705
1511271415806320641
1511271415907250177
1511271415995314178
1511271415944728577
1511271416393797636
1511271416427126784
1511271417148542980
1511271417781919749
1511271417454682118
1511271417941311489
1511271418549481477
1511271419165900803
1511271419145039872
1511271419199504386
1511271418662637569
1511271419539345415
1511271419753254915
1511271420227207172
1511271420868939776
1511271421107793922
1511271421418299393
1511271421338652674
1511271421401604099
1511271421518880776
1511271422408241157
1511271423091826692
1511271424211759107
1511271424975114246
1511271425092595713
1511271425226596355
1511271425365188608
1511271425587486720
1511271425554149381
1511271426325901312
1511271426556366859
1511271427030532098
1511271427240038402
1511271427718012932
1511271428355670024
1511271428552900613
1511271428603011074
1511271428661854214
1511271428766662657
1511271428867383298
1511271429513351171
1511271429714714631
1511271430276665348
1511271430352211980
1511271430360555523
1511271430532603905
1511271431908335617
1511271431950245891
1511271432398979074
1511271432336068619
1511271432432631816
1511271431941890056
1511271433175019527
1511271433116262402
1511271433577680896
1511271433607000068
1511271433518858244
1511271434257154055
1511271434311634945
1511271434668158976
1511271434462859268
1511271435599331331
1511271435620143104
1511271436362596358
1511271436715016196
1511271436677222401
1511271437222436867
1511271437407076356
1511271437574840323
1511271438296436736
1511271438635835392
1511271438820458500
1511271439554523137
1511271439982383109
1511271440015888385
1511271440359723010
1511271440305332226
1511271440493862912
1511271440787644421
1511271441081282565
1511271441144205312
1511271441429319684
1511271441395638274
1511271442020675586
1511271443056644101
1511271442570440709
1511271443367358464
1511271442872090627
1511271443610443778
1511271443656499203
1511271443828559876
1511271444231213056
1511271444352835588
1511271444562522115
1511271444717600770
1511271445036519424
1511271445195677697
1511271445313298437
1511271445388828675
1511271445770518530
1511271446013788161
1511271445904564226
1511271446756171783
1511271448077291522
1511271448073183235
1511271448580657152
1511271448744128513
1511271450203889666
1511271450509864960
1511271450673614848
1511281696292978690
1511281696770957312
1511281697555419139
1511281697283014661
1511281697605980162
1511281697366626307
1511281698159345667
1511281699052785664
1511281699128332295
1511281699132481540
1511281698994012163
1511281698956189703
1511281699719684100
1511281699677745156
1511281700059611137
1511281700277714951
1511281700336287747
1511281700776648704
1511281700680183812
1511281700973658112
1511281701179244547
1511281701372272642
1511281701254688776
1511281701971918852
1511281702030946304
1511281702085304322
1511281702236217345
1511281703163154438
1511281703196708867
1511281703616409604
1511281704333459461
1511281703830142977
1511281704132124673
1511281705214259201
1511281705231044610
1511281705717407750
1511281705755287558
1511281705830731782
1511281706149593088
1511281706174906380
1511281706095058948
1511281706963292165
1511281706849898501
1511281706929569796
1511281707214942209
1511281707248455684
1511281707286155270
1511281708284653568
1511281708347408392
1511281708590673924
1511281709211344896
1511281709257535491
1511281709395947521
1511281709719130113
1511281709853003777
1511281710096388098
1511281710318723072
1511281710486405123
1511281710717145090
1511281710570172418
1511281711233052676
1511281711409160194
1511281711392428041
1511281711648321537
1511281711862411269
1511281712063414273
1511281712147402756
1511281712084439050
1511281712172605450
1511281712709476358
1511281713028161547
1511281712902385669
1511281713460432899
1511281713502203909
1511281714215198731
1511281714479382538
1511281714877943810
1511281715821568000
1511281715838394373
1511281716132200453
1511281716580982784
1511281717071462404
1511281717247721473
1511281717650337792
1511281717717479427
1511281718300483584
1511281718782738433
1511281718896238594
1511281719302832133
1511281720536051712
1511281720514920452
1511281720515084292
1511281720607313925
1511281720863121411
1511281720951246850
1511281721068638208
1511281721060343811
1511281721249046528
1511281721001525250
1511281721429352454
1511281721723039745
1511281721706229764
1511281721974697984
1511281722356563971
1511281722469625857
1511281722461097988
1511281721979072512
1511281722461233159
1511281722893250563
1511281723161866241
1511281723404869633
1511281723350339589
1511281724910616580
1511281724772208640
1511281724856193024
1511281725397155852
1511281725670064135
1511281726387101698
1511281726563110917
1511281726806544385
1511281726982602752
1511281727599267841
1511281728295518209
1511281728261967875
1511281728157007874
1511281728693936129
1511281728861708295
1511281729025228801
1511281729453105153
1511281729394429961
1511281729616687107
1511281730262425603
1511281730548027398
1511281730489135105
1511281731336384514
1511281731403493377
1511281731260792835
1511281731655155712
1511281732061966341
1511281732061831173
1511281732951097346
1511281733852930048
1511281733701935109
1511281734389833730
1511281734331031552
1511281735547432960
1511281735614578689
1511281735920668682
1511281736193257475
1511281736533094406
1511281736469999619
1511281736856240128
1511281737799716865
1511281738244272132
1511281738554970113
1511281738483318787
1511281738726711297
1511281739024506885
1511281739158720517
1511281739162861569
1511281739058003973
1511281739120971779
1511281739582390279
1511281739741732869
1511281739959873544
1511281740257665027
1511281740241080329
1511281740488269828
1511281740509184001
1511281739515060224
1511281740920283138
1511281740546985989
1511281740672868356
1511281741360730115
1511281741205491715
1511281741612392451
1511281742115926016
1511281742296064006
1511281742111412230
1511281742321229825
1511281741750747136
1511281742447091715
1511281743386624002
1511281743466217481
1511281743776858112
1511281744032727040
1511281744129011720
1511281743952855047
1511281744107954181
1511281744678371330
1511281744212811777
1511281744921731075
1511281745366237184
1511281745609596932
1511281745911496704
1511281746003775492
1511281746549121029
1511281746633015297
1511281746700115969
1511281746511339522
1511281747325222915
1511281747358539784
1511281747731922950
1511281747966988290
1511281748415549443
1511281749770317824
1511281749724069891
1511281749824880644
1511281749648674817
1511281749837467651
1511281750269435904
1511281750944669698
1511281751934611462
1511281752236609537
1511281752463003651
1511281752492642311
1511281753797046272
1511281753863999493
1511281754358771713
1511281755210514433
1511281755285770248
1511281755675893761
1511281755755589633
1511281756409839618
1511281757068349443
1511281757165080576
1511281757525577729
1511281757710073856
1511281757919752192
1511281757852688384
1511281757965930501
1511281758255341571
1511281758360190982
1511281758519578624
1511281758783913987
1511281758863609856
1511281758955704323
1511281758943260672
1511281759329320962
1511281759429836801
1511281759408869376
1511281759610101761
1511281759479992323
1511281760050503686
1511281760352575490
1511281760906379267
1511281760738365440
1511281760901992451
1511281760973340677
1511281761166233603
1511281761547866114
1511281762068058112
1511281762554761219
1511281762701574147
1511281762768281605
1511281762701234187
1511281762948857865
1511281762470617096
1511281764030984192
1511281765058555906
1511281765129748484
1511281764836159491
1511281765507530754
1511281765926805508
1511281765993775105
1511281766971195395
1511281766983684098
1511281767826743306
1511281767772213250
1511281767960915975
1511281768262942720
1511281768980119552
1511281769055756289
1511281769244508164
1511281770028847105
1511281770410479622
1511281770741714946
1511281771920384008
1511281772008513537
1511281772319080450
1511281772323131393
1511281772314697732
1511281772906041344
1511281773572993024
1511281774009073665
1511281774206365704
1511281775305281536
1511281775510974469
1511281775896838144
1511281776488026115
1511281777318498304
1511281777297575938
1511281777377255433
1511281778283073536
1511281778283233283
1511281778593611777
1511281778887397380
1511281778752954371
1511281779163938817
1511281779260506116
1511281779575255045
1511281779679764481
1511281779805933573
1511281780665507842
1511281780724310017
1511281780837568517
1511281780833370123
1511281781563084804
1511281782188032005
1511281782339293186
1511281782494224384
1511281782183940102
1511281783186337793
1511281783605768194
1511281783165308929
1511281783777927169
1511281783840686083
1511281785270939648
1511281785539383299
1511281786516611077
1511281787204513801
1511281788089421825
1511281788420775937
1511281788697546760
1511281789167411208
1511281789309964289
1511281789385465859
1511281790010499073
1511281790278852608
1511281790928965640
1511281791675805696
1511281791537233921
1511281792354979844
1511281792522887171
1511281792908681219
1511281793084841985
1511281793437159434
1511281793609175043
1511281793902825474
1511281794255106053
1511281794355712007
1511281794616029185
1511281794729099269
1511281794989301764
1511281795458899974
1511281795802689538
1511281795970519045
1511281796016914438
1511281796079669248
1511281796897464328
1511281797065326592
1511281797769965573
1511281797707055107
1511281797950230534
1511281797799329801
1511281797866295300
1511281798285873156
1511281798310871041
1511281798529138689
1511281798608822279
1511281798487097353
1511281798562852868
1511281799166636037
1511281799040745473
1511281799330205700
1511281799816617987
1511281800143904772
1511281800290910213
1511281800680681481
1511281800793968644
1511281800697597953
1511281801351684101
1511281802182230017
1511281803411091460
1511281803688280066
1511281804057010179
1511281804107558921
1511281804187402240
1511281804283633665
1511281803998515205
1511281804568891402
1511281804820774914
1511281804757458944
1511281805487267844
1511281805512613890
1511281805797867523
1511281806145904640
1511281806338834432
1511281806397562882
1511281806854832130
1511281807416868864
1511281807999832065
1511281807983054848
1511281806682865670
1511281808226332679
1511281808356392963
1511281808410914816
1511281808419213313
1511281808704704514
1511281808972918789
1511281809048408067
1511281809287487491
1511281809836847104
1511281810478714882
1511281810256568323
1511281810554036228
1511281810990370816
1511281812114448387
1511281812378730502
1511281812366110723
1511281812466814976
1511281812643151881
1511281812609196033
1511281812902846464
1511281814920380416
1511281815100698631
1511281816111656966
1511281816128401415
1511281817801969667
1511281818057723910
1511281818322219008
1511281818523291648
1511281818720428033
1511281818829570050
1511281819370635265
1511281819706171399
1511281819798634497
1511281821082095616
1511281821497110530
1511281821794906113
1511281822134591494
1511281822948380675
1511281823749390338
1511281823690727427
1511281823644786691
1511281824185692161
1511281824357654533
1511281824642871300
1511281824617619460
1511281824873721856
1511281825070542850
1511281825112539139
1511281825192321028
1511281825125220356
1511281825670664193
1511281826324750338
1511281826333339648
1511281826245099521
1511281827381604356
1511281827511738374
1511281829252575234
1511281829449453571
1511281829701160967
1511281829789069315
1511281829806055430
1511281829998903301
1511281830212689921
1511281830284173313
1511281830368256000
1511281830296801287
1511281830531461120
1511281830493831173
1511281831236325378
1511281831559184388
1511281832255365125
1511281832377081857
1511281832167235587
1511281832364548099
1511281832410628100
1511281832507191303
1511281833216036864
1511281833211838471
1511281833270558723
1511281833425702913
1511281831991463940
1511281833828397056
1511281834998439936
1511281835384270851
1511281835665461259
1511281835942322180
1511281835963297799
1511281836080906242
1511281836114456579
1511281836487544832
1511281836546273282
1511281836756180993
1511281837263388674
1511281837691359232
1511281838299484160
1511281838538567683
1511281838534402050
1511281839033536517
1511281839222267905
1511281839864152068
1511281840358936578
1511281840455364608
1511281840216322051
1511281840614739972
1511281840904355843
1511281840967098369
1511281841331916803
1511281842225356802
1511281842183454721
1511281842288140290
1511281842485399557
1511281842506326024
1511281842497982464
1511281842703503362
1511281843286396930
1511281843424923651
1511281843622268929
1511281843827625988
1511281844070797312
1511281844523876357
1511281844561526790
1511281844632891392
1511281844683436032
1511281845173993472
1511281844976865282
1511281845865910275
1511281845995986948
1511281847623426049
1511281847749255175
1511281847782850561
1511281847820501001
1511281848386990086
1511281848516849675
1511281848718180352
1511281848663654403
1511281848902721537
1511281848986570756
1511281849032900610
1511281849972187136
1511281850148339715
1511281850366382085
1511281850534092802
1511281850534273024
1511281850668355584
1511281851079475205
1511281851427880960
1511281851436081153
1511281851255738369
1511281851830534149
1511281852144922625
1511281853155655683
1511281853210279936
1511281853403217928
1511281853373706244
1511281853604392971
1511281853906694144
1511281854061559809
1511281854246277123
1511281854753611781
1511281855248551952
1511281855932375044
1511281856498610185
1511281857287147521
1511281857232613381
1511281857668780033
1511281857802948614
1511281857903702025
1511281858168115202
1511281856917946372
1511281858369183744
1511281858448928768
1511281858738532352
1511281858813833218
1511281859371712518
1511281859799527425
1511281860223057922
1511281861569486848
1511281861540171780
1511281861212966913
1511281862140108809
1511281861590355972
1511281862815232000
1511281863410782212
1511281863507251213
1511281863926636547
1511281864597815296
1511281864694140928
1511281865277456385
1511281865369567235
1511281865683968000
1511281865927585793
1511281866531557376
1511281866510376965
1511281866808176644
1511281866720043012
1511281867713961985
1511281868347478025
1511281868309774339
1511281868947210245
1511281869773733889
1511281869886791686
1511281870302236675
1511281870285246466
1511281870608158722
1511281870671003655
1511281871195365389
1511281871853957123
1511281872017391618
1511281872273350661
1511281872424341505
1511281873435078658
1511281873464532994
1511281873833631749
1511281874169118722
1511281874504597504
1511281874739826698
1511281874991259649
1511281875125477380
1511281875025039362
1511281875255537666
1511281875884539905
1511281876593348616
1511281876681568260
1511281876761145348
1511281877323243520
1511281877382049792
1511281878535450627
1511281878619332613
1511281878531194882
1511281878849966082
1511281879252873216
1511281879919566855
1511281880280227842
1511281880037052419
1511281880695459843
1511281881064611845
1511281881295241218
1511281881282666498
1511281881723150343
1511281882041888772
1511281882155163651
1511281882192760833
1511281882402545669
1511281882499063812
1511281882796748801
1511281882994028546
1511281882100801537
1511281883400781829
1511281883446923267
1511281883598012416
1511281883719647234
1511281883920965633
1511281883614781441
1511281884168343556
1511281884977897472
1511281885053272069
1511281885149908994
1511281885401526272
1511281886718480390
1511281887821635592
1511281888186490881
1511281888740184069
1511281888526184449
1511281889356701701
1511281889373753350
1511281889948180482
1511281889977724929
1511281890044620803
1511281890308898818
1511281890292027394
1511281890296307715
1511281890644348929
1511281890765987843
1511281891542208513
1511281892988960769
1511281892922126339
1511281893647568896
1511281893865492482
1511281894226370562
1511281894582800384
1511281894918443009
1511281894750621696
1511281894901563392
1511281895057018880
1511281895279050753
1511281895337865216
1511281895438487554
1511281895476281348
1511281895660789768
1511281895807627275
1511281895929262083
1511281895883132931
1511281895987888128
1511281896726089730
1511281896709365761
1511281897162293254
1511281897359425537
1511281897585979392
1511281897854619648
1511281898454196231
1511281898516987909
1511281898579972097
1511281898122850304
1511281898756186114
1511281899087441920
1511281899477512197
1511281899616063490
1511281900286976001
1511281900190834688
1511281901050515470
1511281901184630784
1511281901948047362
1511281902057136131
1511281903441264643
1511281903848022016
1511281903801966592
1511281903998889990
1511281904196087819
1511281904481615875
1511281904955363333
1511281905026707456
1511281904850505730
1511281905190285315
1511281905244717057
1511281905689559044
1511281905982967811
1511281906264178692
1511281906578567168
1511281906662391809
1511281907308568579
1511281907526418434
1511281907954237441
1511281907966873601
1511281908273262596
1511281908415705096
1511281908612747267
1511281908818141186
1511281909065822214
1511281909606854660
1511281909313146885
1511281909779038210
1511281910034669569
1511281910076608513
1511281910395412486
1511281912035389448
1511281912148549633
1511281912198819841
1511281912341577729
1511281912794521607
1511281913016815616
1511281913469808640
1511281913830703112
1511281913776021504
1511281914484822020
1511281914455461892
1511281914740903943
1511281915281739778
1511281916019941377
1511281915978002437
1511281916137422848
1511281916284088320
1511281916602953732
1511281917055881223
1511281916971995141
1511281917303267333
1511281917483700227
1511281917651750915
1511281917572030469
1511281918112899072
1511281918821740546
1511281918964379653
1511281919191023617
1511281919081779200
1511281919304126464
1511281919664996352
1511281919778238466
1511281919685758976
1511281919497015300
1511281920461750274
1511281920981848064
1511281921061392389
1511281921162035200
1511281921355046913
1511281921648738307
1511281923003498497
1511281923309588480
1511281922877571074
1511281923557322757
1511281923670257670
1511281924106448899
1511281924626599936
1511281925117386758
1511281925406834700
1511281925377654785
1511281926379819009
1511281925801259011
1511281926312796163
1511281926543646728
1511281926530899976
1511281926061142016
1511281927013400582
1511281927143276548
1511281927583580162
1511281928162398212
1511281928334422018
1511281928388984833
1511281928770621445
1511281929211068418
1511281929462685698
1511281929588412421
1511281929663836160
1511281929747849217
1511281929848594443
1511281929957810177
1511281930154749955
1511281930490494979
1511281930670587905
1511281930561589251
1511281930838417413
1511281931060756483
1511281931081633799
1511281931136163840
1511281931408707586
1511281931316604933
1511281932390252544
1511281932679761922
1511281933057249284
1511281933539368965
1511281933854015493
1511281933933637635
1511281934541938689
1511281934726488066
1511281934785294337
1511281935326318592
1511281935506718722
1511281936001601537
1511281936437760001
1511281936756527104
1511281936718868486
1511281937016627201
1511281937104654337
1511281937863782403
1511281938270724096
1511281938086375424
1511281939294179329
1511281939663179777
1511281940019970061
1511281940191657985
1511281940296617985
1511281940552462337
1511281941907226626
1511281942125293569
1511281942121046021
1511281942938861568
1511281943765205002
1511281944037924865
1511281944406986754
1511281944646103040
1511281944679661570
1511281945694584834
1511281946315599872
1511281946189602816
1511281946197909508
1511281946306834441
1511281946625777665
1511281947040894983
1511281947577790474
1511281947716333571
1511281947762655236
1511281948232060931
1511281950119579654
1511281951164014594
1511281951130660869
1511281948483850241
1511281951424008192
1511281951579254791
1511281952040812544
1511281952267112452
1511281952350945284
1511281952824995840
1511281952946417668
1511281953068224512
1511281953970008067
1511281953739141120
1511281953974149125
1511281954154758145
1511281954292998144
1511281954288717830
1511281954452389888
1511281954213220355
1511281954754334724
1511281955450781696
1511281955719225348
1511281956234928132
1511281956591644672
1511281956746629123
1511281957040279557
1511281957241450496
1511281957740625926
1511281958105587712
1511281958315302915
1511281958806253569
1511281958768230404
1511281960634785792
1511281960706097154
1511281960928555008
1511281961431621636
1511281961574322178
1511281961704304646
1511281962019061760
1511281962601828356
1511281962765492227
1511281963096846336
1511281963327447041
1511281963377823750
1511281963507716097
1511281963713318913
1511281963650408451
1511281964044722179
1511281964799639559
1511281965298708484
1511281965206491138
1511281965705613317
1511281966179500034
1511281966150307843
1511281965273858051
1511281966158594053
1511281966783635461
1511281966762524678
1511281966846562307
1511281966783811586
1511281967257563145
1511281967412785158
1511281968041713670
1511281968255848452
1511281968574566403
1511281968645918722
1511281968553476097
1511281969430102016
1511281969639870469
1511281969677705224
1511281969854042112
1511281969635725319
1511281970742902785
1511281972131561481
1511281972408201220
1511281972638855168
1511281972672405505
1511281972739555329
1511281972663963650
1511281972789878789
1511281973851004929
1511281974161272834
1511281975293890562
1511281975268900864
1511281976417964036
1511281976363335686
1511281976539553792
1511281977063874561
1511281977286086659
1511281977621635075
1511281978045255683
1511281978133430280
1511281978523459590
1511281978523328519
1511281978942922756
1511281979123445763
1511281979114856451
1511281979018420231
1511281979370659845
1511281979613925380
1511281980092071937
1511281981354504197
1511281981434212359
1511281983535874051
1511281984236044289
1511281984513126403
1511281984550670340
1511281984827535367
1511281984730906624
1511281985875898370
1511281985519599617
1511281986131873796
1511281987113594883
1511281987360899072
1511281987558031360
1511281987889344514
1511281988057153537
1511281988816228373
1511281988057063427
1511281988577157121
1511281989193990151
1511281989164453888
1511281989185413121
1511281989965717504
1511281990431035395
1511281990674399233
1511281990326177792
1511281990946938882
1511281991085395969
1511281991156572169
1511281991546724352
1511281992620548103
1511281993887137796
1511281993790595072
1511281994105524229
1511281994080333824
1511281994273103874
1511281994650746880
1511281994788859906
1511281994973466629
1511281995061641218
1511281995032244224
1511281995162300421
1511281995430567940
1511281995330080775
1511281995665616898
1511281996097810432
1511281996265369604
1511281996508680197
1511281997154422785
1511281997158785029
1511281997431422979
1511281997716635650
1511281997297364998
1511281997938790403
1511281997951426571
1511281999155240969
1511281999214006275
1511281999906222083
1511282000962879495
1511282000879099907
1511282001596268551
1511282002015621122
1511282002103873543
1511282002183528460
1511282001994788867
1511282002036674566
1511282002959421441
1511282002728693765
1511282002900652032
1511282003487952900
1511282003592757249
1511282003747868674
1511282002787540995
1511282004364460032
1511282004599447553
1511282004557455360
1511282004721078272
1511282004658171905
1511282005493051392
1511282005790846980
1511282006100955151
1511282007405436934
1511282008026226689
1511282008177405955
1511282008399368195
1511282009414451206
1511282009775251466
1511282010144321543
1511282010123563014
1511282010421145610
1511282010475868161
1511282010412978185
1511282010752528388
1511282010672988161
1511282010873946116
1511282011251646468
1511282011289407489
1511282011863859200
1511282012010647554
1511282011150897161
1511282012451135496
1511282012283232258
1511282012480544768
1511282012665040903
1511282012795150339
1511282013063548932
1511282013252329472
1511282013923328000
1511282013784977411
1511282014132989961
1511282014695133185
1511282015219458054
1511282016129536006
1511282016293109762
1511282016683442181
1511282016821686277
1511282017102663682
1511282017111007233
1511282017287213057
1511282017534685185
1511282017937276928
1511282018834821120
1511282019460091904
1511282019762065410
1511282020630294530
1511282021183676419
1511282021649190916
1511282022144266244
1511282022735568899
1511282023146663936
1511282022664208388
1511282023146704898
1511282023977013254
1511282024224636929
1511282024266403843
1511282025252147204
1511282025931677696
1511282026543992833
1511282026787319811
1511282027005370373
1511282027080953859
1511282027223568385
1511282027164700676
1511282027273900035
1511282027466829826
1511282027903188994
1511282028033019904
1511282027965956104
1511282028544729089
1511282028599476224
1511282028611780608
1511282028519600128
1511282028792238081
1511282028699922435
1511282028079112194
1511282028804722690
1511282029123538951
1511282029249409025
1511282029656260609
1511282030402805763
1511282029832204289
1511282030792818693
1511282031388291073
1511282031346475015
1511282031749124103
1511282031778484225
1511282032097345541
1511282032881643528
1511282032877391877
1511282032977977344
1511282032902561793
1511282033414352899
1511282033179332616
1511282033519218694
1511282034047598594
1511282034710179840
1511282034823647234
1511282035293368323
1511282035465277443
1511282035641315328
1511282036354392071
1511282036304089093
1511282037210107906
1511282037822750726
1511282038053097472
1511282038170697731
1511282038275403780
1511282038434766851
1511282039324094464
1511282038451675143
1511282041211416582
1511282041492549633
1511282042092273669
1511282042562134017
1511282042981519361
1511282043342229505
1511282043321257989
1511282043455430656
1511282043765899265
1511282043677986816
1511282044458139653
1511282045061840899
1511282045389058049
1511282045275688960
1511282045925920769
1511282046127247365
1511282046244638724
1511282046299168770
1511282046312009731
1511282046429106176
1511282046534144002
1511282046047555587
1511282047431569417
1511282047553351685
