1519436201689821184
1519436202482536450
1519436202969026565
1519436202822283265
1519436203157864450
1519436203203907589
1519436203543703552
1519436203736846336
1519436203942154241
1519436204038574080
1519436204193681408
1519436205154308106
1519436205359837185
1519436205796077571
1519436206077247488
1519436207150837767
1519436207163326464
1519436207335383047
1519436207490543617
1519436207708680193
1519436207662505984
1519436207696097282
1519436208396390400
1519436208337731587
1519436208547450885
1519436208627142657
1519436208841138176
1519436208249589760
1519436209071738880
1519436209780580354
1519436210200100865
1519436210103590914
1519436210594267136
1519436211072471042
1519436211789701121
1519436211814903810
1519436212414517248
1519436213450690561
1519436214264373249
1519436214734049281
1519436214876659712
1519436215128186882
1519436215111589891
1519436215304409088
1519436215543635969
1519436215753265153
1519436216076468224
1519436216336330754
1519436216621576193
1519436217028268032
1519436217397522437
1519436217594658816
1519436217661616128
1519436217787506690
1519436218685140992
1519436219121295362
1519436219091800064
1519436219301703685
1519436219377397765
1519436219507417089
1519436220014678023
1519436221155581953
1519436221314998273
1519436221293862912
1519436221453381632
1519436222254436355
1519436222216744965
1519436222330028033
1519436222241943552
1519436222900355074
1519436222950637569
1519436223613394944
1519436223537946624
1519436224028721154
1519436223928012800
1519436223932116992
1519436224133570566
1519436223953063936
1519436224586473472
1519436223936438272
1519436224460640259
1519436224712175616
1519436224556986368
1519436224670441472
1519436224594735105
1519436224817160195
1519436224922062851
1519436225123438595
1519436224317992960
1519436224443916289
1519436225156771840
1519436225215668226
1519436225203032067
1519436225383337984
1519436225920315392
1519436225836306433
1519436225995673600
1519436225869795328
1519436226171912197
1519436225773514753
1519436226381717504
1519436226201227265
1519436225702203401
1519436226226536451
1519436226612318208
1519436226314481665
1519436226926948353
1519436226360532993
1519436226176028672
1519436227258490880
1519436226758987776
1519436226977271809
1519436226817761280
1519436227509899264
1519436226926809089
1519436227866468352
1519436227832946690
1519436227933519874
1519436228197851138
1519436228235567106
1519436228130574336
1519436228378038272
1519436228021555200
1519436228512206849
1519436228600504322
1519436228604571648
1519436228386594818
1519436228898263041
1519436228776677379
1519436228889747459
1519436229141532673
1519436228902350848
1519436229166739466
1519436229472919557
1519436229724540929
1519436229904850945
1519436229728620544
1519436229879767042
1519436229980438529
1519436230085251074
1519436229510541314
1519436230089486340
1519436230210908160
1519436230118625280
1519436227228938245
1519436230320132098
1519436230605254659
1519436229883744258
1519436228742959105
1519436230601101319
1519436230978506752
1519436230185914369
1519436230848516098
1519436231041445888
1519436231213527041
1519436230701862912
1519436231251222528
1519436230957613058
1519436231511134209
1519436231398072321
1519436231314092032
1519436231414894595
1519436231779799041
1519436231918108680
1519436231385534466
1519436231737626624
1519436232232628224
1519436232383729669
1519436232085975042
1519436232232636417
1519436232496984064
1519436232455077891
1519436232694116355
1519436232970878976
1519436232920600584
1519436232689913857
1519436232895483908
1519436233075798019
1519436232702324736
1519436232895344640
1519436233730052098
1519436233663029249
1519436233876852740
1519436233688207373
1519436233516011520
1519436233818218496
1519436234107416576
1519436233193050113
1519436234044624899
1519436234384420865
1519436233537073152
1519436234459959298
1519436233876729856
1519436234711609351
1519436234485022728
1519436234732548096
1519436234996736000
1519436235114258433
1519436235214831617
1519436235336404992
1519436235382665218
1519436235504242689
1519436235701297152
1519436235537797120
1519436236238344196
1519436236439666694
1519436236481605635
1519436236653568008
1519436236733177858
1519436237047742465
1519436237324623872
1519436237286871041
1519436237311987713
1519436237542678529
1519436237899239425
1519436237903437825
1519436238108864512
1519436238196985856
1519436238138544129
1519436238494777346
1519436238276730881
1519436238809407489
1519436238679379969
1519436239228743680
1519436239170060288
1519436239434391553
1519436239698550784
1519436239623139329
1519436240285696000
1519436240172507136
1519436240512339969
1519436240591867904
1519436241208414208
1519436240969416704
1519436240864563201
1519436241657282560
1519436241821118464
1519436241669955584
1519436242189959169
1519436242198347776
1519436243184066560
1519436243263803392
1519436243850956800
1519436243976830976
1519436244060672005
1519436244308090881
1519436244710793220
1519436244966678528
1519436245465649152
1519436245809700866
1519436245671284736
1519436246669537282
1519436246761852928
1519436247080615937
1519436247390986242
1519436247642656769
1519436247902699520
1519436247483179010
1519436248368226305
1519436248053698561
1519436248670261248
1519436249408364548
1519436249551228929
1519436249735512066
1519436249324568578
1519436249181958151
1519436250066862080
1519436249551056899
1519436250301800448
1519436250335305730
1519436250645684224
1519436250486394881
1519436250175836160
1519436250733846537
1519436251035746304
1519436251056963584
1519436251442688001
1519436251669086212
1519436251841150981
1519436252210425857
1519436252361150467
1519436252495622144
1519436252369534979
1519436252340228099
1519436252826808320
1519436253132988427
1519436253090955264
1519436253141348353
1519436253170913280
1519436253334151168
1519436253585887239
1519436253841616896
1519436253757947921
1519436253988536323
1519436253950889986
1519436254185762819
1519436254345060353
1519436254634336257
1519436254705770503
1519436254743572481
1519436255091699713
1519436255519404033
1519436255477604352
1519436255423049728
1519436257130164225
1519436257264390149
1519436257251803140
1519436257490735104
1519436257893433349
1519436258233229320
1519436258325499905
1519436258308767751
1519436258891681798
1519436258694598657
1519436259189575684
1519436259021975552
1519436259617353728
1519436260309405697
1519436260217176066
1519436260422553600
1519436260481380352
1519436260917530631
1519436260854665217
1519436261148266496
1519436261055938560
1519436261383184384
1519436261777313792
1519436262058438658
1519436262767169536
1519436262674821120
1519436262922493953
1519436263056711680
1519436263128027137
1519436263220297729
1519436263430012935
1519436263211819008
1519436263895359489
1519436264306528257
1519436264319164424
1519436264289755144
1519436264659124224
1519436264914755585
1519436264830902272
1519436265933869057
1519436266399354880
1519436266516930562
1519436266860732417
1519436267070668805
1519436267066298368
1519436267066380288
1519436267083206660
1519436267683037186
1519436268156989440
1519436268685651969
1519436268173770753
1519436269394305027
1519436270153441282
1519436270543458305
1519436271013310464
1519436271080329216
1519436271034060800
1519436271285903360
1519436271738834952
1519436271759900675
1519436271202021379
1519436272082726912
1519436272267403265
1519436272267415554
1519436272581984257
1519436272728690690
1519436272544145408
1519436273018093569
1519436273026572291
1519436273131343872
1519436273391439876
1519436273664114688
1519436273756536833
1519436274230337540
1519436274398019584
1519436274544914440
1519436274809016321
1519436274771365890
1519436275140513792
1519436275643817990
1519436275668951043
1519436275933073409
1519436276465819654
1519436276520427523
1519436275618623500
1519436276659032064
1519436276386181122
1519436277053075456
1519436276662824960
1519436277619249157
1519436277870907393
1519436277552136196
1519436278323941376
1519436278583939075
1519436278986678278
1519436279389523968
1519436279305453568
1519436279573880832
1519436279649288194
1519436279745851393
1519436279926210561
1519436280102273024
1519436280366604291
1519436280265854983
1519436280815304704
1519436281218019328
1519436281259900930
1519436281738002433
1519436281859948544
1519436282061012992
1519436282044334083
1519436282274979840
1519436282367299584
1519436282358906905
1519436282677633024
1519436282744688640
1519436282811850752
1519436282866266112
1519436284271509507
1519436284057563136
1519436284397244428
1519436283835301890
1519436284464443394
1519436284854427648
1519436285051654145
1519436285135532034
1519436285294825474
1519436285320085504
1519436285349441538
1519436285462650880
1519436285550731268
1519436285789753348
1519436286045659138
1519436286423089156
1519436286448308225
1519436286838378498
1519436286888665092
1519436286922268674
1519436287035715584
1519436287480057856
1519436287593254912
1519436287564038144
1519436287840854016
1519436288646127618
1519436288620777472
1519436288797020160
1519436288545464321
1519436289828966400
1519436289921404929
1519436289992364032
1519436290432724993
1519436291158421504
1519436291280039936
1519436291762499584
1519436292362100736
1519436292635119616
1519436292727189521
1519436292723195905
1519436291695431686
1519436292937125888
1519436293419249670
1519436293788233728
1519436294212005889
1519436294312669184
1519436294484463616
1519436294690119681
1519436295013031936
1519436295298244609
1519436295570866177
1519436295667392518
1519436295810039809
1519436295826776066
1519436295864713216
1519436296497864704
1519436296065851395
1519436296652996609
1519436297147887616
1519436297433141248
1519436297869266945
1519436298477621250
1519436298808963072
1519436298733379584
1519436298716598272
1519436299249373186
1519436298729271296
1519436299492593666
1519436300008312832
1519436299911970816
1519436300058775561
1519436300134268935
1519436300650258436
1519436300826427396
1519436300620689410
1519436301258342400
1519436301329702915
1519436301451374593
1519436301212307456
1519436301505896448
1519436301556228097
1519436301950349312
1519436302214737921
1519436302088867840
1519436302365892608
1519436301229043712
1519436302407585794
1519436302801850369
1519436302848081920
1519436303334612993
1519436302898413573
1519436303401721856
1519436303611408384
1519436303930175489
1519436304093790209
1519436304102002689
1519436304320135168
1519436304613888009
1519436304878120962
1519436303498203139
1519436305360465923
1519436305549176832
1519436305809260544
1519436305985384448
1519436305771417605
1519436306035707906
1519436306459332608
1519436306346123269
1519436307012980737
1519436307713327104
1519436307818336256
1519436307910512645
1519436308283682816
1519436308371980288
1519436308489375750
1519436309189771271
1519436309399584769
1519436309684793344
1519436309894471683
1519436309760196608
1519436309206556673
1519436309974163457
1519436310192209922
1519436310766882822
1519436310888558597
1519436311131824129
1519436310901145601
1519436310867554304
1519436311098183684
1519436311266045957
1519436311282692098
1519436311618363393
1519436311781801984
1519436311257653248
1519436311656124416
1519436311618371585
1519436312016740353
1519436312331403272
1519436310452359171
1519436312645885958
1519436312251715584
1519436312985624576
1519436313543512064
1519436313933795329
1519436313577021440
1519436314151735299
1519436314420166658
1519436314642427907
1519436314856333313
1519436315435192323
1519436315648954372
1519436315674128384
1519436315871301636
1519436315783278596
1519436315988828161
1519436316387135489
1519436316823404544
1519436317490225153
1519436317792387072
1519436318199238657
1519436318329221125
1519436318291668992
1519436318580822016
1519436318572482560
1519436319088418819
1519436319411564544
1519436319092621314
1519436319470100482
1519436319360962561
1519436319339991040
1519436320568918022
1519436320581509121
1519436321051213824
1519436321332154368
1519436320753569795
1519436322099937280
1519436321902804993
1519436322036924418
1519436322280296449
1519436322351550467
1519436322452254720
1519436322439630850
1519436322783612933
1519436322779320321
1519436323035258881
1519436323651792896
1519436323903393793
1519436322028535810
1519436324205387776
1519436324214050816
1519436324570382337
1519436324717142016
1519436325161783296
1519436325383860226
1519436325790887937
1519436325774102528
1519436326298259457
1519436326319316992
1519436326923350016
1519436327305248768
1519436327674163206
1519436328353644546
1519436328324288512
1519436328580136962
1519436328907255811
1519436329335115776
1519436328575946752
1519436329754365954
1519436329687429120
1519436329645453312
1519436330027073536
1519436330152964097
1519436330131984394
1519436330337374208
1519436330555478016
1519436330974986241
1519436330975088641
1519436330450788352
1519436331100819459
1519436331306430472
1519436331188953088
1519436331990110209
1519436331981680640
1519436332619030532
1519436332862427136
1519436333172891649
1519436333239963648
1519436333734776833
1519436334062084097
1519436333869109248
1519436334036885504
1519436334259126273
1519436334674419712
1519436335077072896
1519436335001579520
1519436335391461376
1519436335613943808
1519436335593017344
1519436335664308224
1519436335819509763
1519436336247279631
1519436336574480388
1519436336956067840
1519436337459302401
1519436337253953538
1519436337761427457
1519436337853648903
1519436337887301634
1519436337946017793
1519436338088583171
1519436338533175304
1519436338533175306
1519436337958502400
1519436338667433988
1519436339221049344
1519436339493621762
1519436337723715584
1519436339527266304
1519436339787173888
1519436339846197250
1519436339841691649
1519436339996872704
1519436339942506497
1519436340248514560
1519436340374523916
1519436340630274051
1519436340915539969
1519436341028835328
1519436340886228994
1519436340030582789
1519436341280337920
1519436341200703489
1519436341771124737
1519436342387777538
1519436342668709894
1519436342576369665
1519436343083880448
1519436343272738816
1519436343763472385
1519436344082276352
1519436344199716866
1519436344174460929
1519436344359063558
1519436344434597892
1519436344338046976
1519436344413638656
1519436344543617025
1519436344917127169
1519436344786706433
1519436345105600512
1519436345000833024
1519436345760010240
1519436345776742403
1519436345621450752
1519436346162651137
1519436343759282178
1519436346179436544
1519436345961324549
1519436347265589248
1519436347790041089
1519436348142219265
1519436348557508621
1519436348448550914
1519436348544864256
1519436348838526977
1519436348993716226
1519436348863619073
1519436349429981187
1519436349631344641
1519436350159683585
1519436349060882441
1519436350533292032
1519436350751137793
1519436351015432197
1519436350885408771
1519436351757860864
1519436351875203072
1519436351933923329
1519436352785375232
1519436352957337602
1519436352961630208
1519436353171337220
1519436353527853057
1519436353280348165
1519436353620041733
1519436353427099654
1519436353653870592
1519436353972408320
1519436354215718912
1519436354144325633
1519436354416959490
1519436354379255808
1519436355360759809
1519436355734056961
1519436355704696836
1519436355775967235
1519436355994013698
1519436356744892417
1519436356585467904
1519436356979769345
1519436355218341888
1519436357219004416
1519436356044349458
1519436357315497984
1519436357432713216
1519436357113950209
1519436357776588802
1519436357852090368
1519436357743095813
1519436357877215232
1519436357931778048
1519436358267326465
1519436358300884993
1519436358372282368
1519436357881507842
1519436358460358656
1519436358812585984
1519436359018110978
1519436358623899651
1519436359093657602
1519436359177539587
1519436359194324992
1519436359353749505
1519436359471181824
1519436359567654913
1519436359622090752
1519436359592779776
1519436359668310016
1519436359613792257
1519436359907385345
1519436359919931392
1519436360406294528
1519436360490303489
1519436360473534465
1519436360763187201
1519436360708509697
1519436361085902850
1519436360196792320
1519436361224359938
1519436361446707200
1519436361505202176
1519436361685770240
1519436361828249600
1519436362189053953
1519436362595852288
1519436362797170692
1519436362851758085
1519436362855944193
1519436363078287361
1519436364219305984
1519436364357550082
1519436364441436166
1519436364458115072
1519436364768493570
1519436364776763392
1519436364923686919
1519436365829574657
1519436365808738304
1519436366073020418
1519436366110760960
1519436366169493507
1519436366341414921
1519436366802739201
1519436367301861378
1519436367520047104
1519436367457099776
1519436367213875200
1519436367318724609
1519436367972995072
1519436368182595586
1519436368291803137
1519436368442703872
1519436368392466432
1519436368446906369
1519436368698613762
1519436368732033024
1519436368728014848
1519436368849641472
1519436368799219712
1519436369017270272
1519436369768108033
1519436369684307968
1519436369881288705
1519436370124709891
1519436370229579779
1519436370715938816
1519436370804150272
1519436370862821376
1519436371080925184
1519436370930020352
1519436371269672968
1519436371290644483
1519436371705962497
1519436371768848386
1519436372133699584
1519436372305760257
1519436372406374401
1519436372490207232
1519436372813262848
1519436372687441921
1519436372771287045
1519436372800589825
1519436372943290369
1519436373538840580
1519436373857558528
1519436373731815424
1519436373522108416
1519436373941391361
1519436374360969216
1519436373664616449
1519436374604058624
1519436374847279104
1519436374880964611
1519436375136821251
1519436375254343680
1519436375715725326
1519436376281911296
1519436376449634308
1519436376772685825
1519436377116622848
1519436376470859776
1519436377234059265
1519436377628168193
1519436376575549445
1519436378165100544
1519436378605604867
1519436378668478464
1519436378899161088
1519436378840436736
1519436379436032000
1519436379360530433
1519436379750551553
1519436380174233600
1519436380467830790
1519436381076049922
1519436381574946816
1519436381084389376
1519436382199902208
1519436382321709056
1519436382380470272
1519436382284009477
1519436382594293765
1519436382611070977
1519436382740963329
1519436383231918080
1519436381642268675
1519436383626330112
1519436384108482560
1519436384548839425
1519436384821551109
1519436384800550913
1519436385337233408
1519436385383555082
1519436385844924416
1519436385786212354
1519436385974984704
1519436385966604288
1519436385920323584
1519436386268758018
1519436387627544583
1519436387736756224
1519436387732398080
1519436387879047168
1519436387619069953
1519436387912929281
1519436388130770954
1519436388017610757
1519436388458168321
1519436388126625792
1519436388881645569
1519436389217193984
1519436389539999744
1519436389712109571
1519436389707923458
1519436389745500160
1519436389854633984
1519436390752169985
1519436390743699457
1519436391100334081
1519436391201099776
1519436391406612481
1519436391972839424
1519436392077697024
1519436392199163904
1519436392375500800
1519436392631205888
1519436392228691970
1519436392891310081
1519436392992018434
1519436392937541633
1519436393541472257
1519436393633697793
1519436394044792832
1519436393935687687
1519436394053132288
1519436394279624704
1519436394334195714
1519436394678128642
1519436395022102531
1519436395110367238
1519436395713990656
1519436395693096962
1519436395965825026
1519436396284592129
1519436396687028224
1519436396791967744
1519436396859117568
1519436396653596672
1519436397207343104
1519436397437988874
1519436397517496321
1519436397744050178
1519436398478389248
1519436398830489600
1519436399111405568
1519436399224700928
1519436399430225921
1519436399317028867
1519436399854125056
1519436399774248960
1519436399635845131
1519436399942180865
1519436400470409219
1519436400604635137
1519436400759906305
1519436401300942848
1519436401204510720
1519436401133064192
1519436401569370121
1519436401703596034
1519436401909149696
1519436401972031488
1519436402081120256
1519436402101993472
1519436402265571328
1519436402756259846
1519436402848460800
1519436403108630530
1519436403192434688
1519436402915749889
1519436403419095040
1519436403209293830
1519436403964354562
1519436404001890307
1519436403926609920
1519436404253773825
1519436404220170246
1519436404476252160
1519436404656377856
1519436404635451392
1519436405033902084
1519436405071659008
1519436405541330944
1519436406011047937
1519436406321516564
1519436406447390721
1519436406594338816
1519436406875205642
1519436407135211520
1519436407512702976
1519436407751729152
1519436407877644288
1519436408569618433
1519436408620040193
1519436408750223362
1519436408695443458
1519436409127460864
1519436409014308867
1519436409161011202
1519436409177845762
1519436409404379139
1519436409312256000
1519436409895010308
1519436410046107656
1519436410138284040
1519436410557673473
1519436410951983108
1519436410616705026
1519436410956124160
1519436412034379776
1519436412361318400
1519436412579467264
1519436412818534400
1519436412663128065
1519436412998856707
1519436413053329409
1519436413246349318
1519436413799960577
1519436414064025600
1519436414114430976
1519436414328352768
1519436414311612417
1519436413938376704
1519436414038990849
1519436414865264640
1519436415020552193
1519436415150735360
1519436415255420929
1519436415418908682
1519436415657934849
1519436415809032200
1519436415960068096
1519436416249253888
1519436416236892163
1519436416081608710
1519436416597516291
1519436416937254912
1519436416865943553
1519436417604194304
1519436417411207170
1519436417746845697
1519436417868390401
1519436417839124480
1519436418090942465
1519436418115792896
1519436418799611904
1519436419025973248
1519436419160281090
1519436419445702656
1519436419457896448
1519436419328282624
1519436419650842624
1519436419671986176
1519436419751882752
1519436419969789952
1519436419957202946
1519436420095660047
1519436416643649537
1519436420275965954
1519436420401745922
1519436420796006409
1519436421093855233
1519436421043470339
1519436421177950209
1519436421148422144
1519436421207105536
1519436421135691776
1519436421597216773
1519436421701926913
1519436421777473539
1519436422104727554
1519436422062690305
1519436422209765378
1519436422431723520
1519436422486274048
1519436422788395010
1519436418027855875
1519436423677591554
1519436423572733953
1519436424008941569
1519436424214237184
1519436424730542081
1519436424558301184
1519436424948465665
1519436425128730624
1519436425380483073
1519436425653018624
1519436426034790401
1519436425867010049
1519436426500268032
1519436428060540929
1519436428207345664
1519436428308099072
1519436428199051271
1519436428614139904
1519436428694138880
1519436428777775105
1519436428727488513
1519436428744138753
1519436429516021760
1519436429406920709
1519436429990019075
1519436429952176130
1519436430031962112
1519436430463979522
1519436430602391559
1519436430568996864
1519436430614970368
1519436431055282184
1519436430598189061
1519436431655067650
1519436431403458560
1519436432116486144
1519436432175214592
1519436432242319361
1519436432716226563
1519436432737140737
1519436429859901440
1519436433123344386
1519436433387368448
1519436434284990465
1519436433769078785
1519436435148976129
1519436435648131085
1519436436042256384
1519436435908177920
1519436436138651648
1519436436109692928
1519436436394676224
1519436436449247238
1519436437535473664
1519436437644533762
1519436437732659202
1519436437850148866
1519436437988556801
1519436439095844866
1519436439414398978
1519436439733227520
1519436440006017024
1519436440093999104
1519436440161112066
1519436439053901828
1519436440471588868
1519436441243115520
1519436440718950400
1519436441419497472
1519436441918615552
1519436442011049985
1519436441717248002
1519436442241576966
1519436442912669696
1519436442476425217
1519436443428470792
1519436443994796032
1519436443847856129
1519436444124778496
1519436444334538753
1519436444179251200
1519436444590395393
1519436444426768385
1519436444925939713
1519436445018169352
1519436444908982272
1519436445135560706
1519436445450178560
1519436445563473922
1519436445471105026
1519436446427398149
1519436447480258562
1519436447417344001
1519436447685689345
1519436448004546567
1519436448528846854
1519436448507695105
1519436448474476544
1519436448659013632
1519436448709160960
1519436449539452928
1519436449946509313
1519436450483384320
1519436450474991619
1519436450848133120
1519436450776944640
1519436450936377350
1519436451057831936
1519436451590643712
1519436451695534080
1519436451800354816
1519436451603259397
1519436452223864833
1519436452345659392
1519436453167607808
1519436453582979075
1519436453566054400
1519436453754908672
1519436454199500803
1519436454379888642
1519436454534864896
1519436454853853188
1519436455294210050
1519436455633948673
1519436455801675778
1519436456431075328
1519436456955047936
1519436457240580096
1519436457299091458
1519436457366241280
1519436457521336322
1519436457613664256
1519436457567408130
1519436457584308225
1519436457793966080
1519436458129453056
1519436458481881088
1519436458758742016
1519436458842542082
1519436458914103296
1519436459165556736
1519436459605852160
1519436460662956037
1519436460788748289
1519436460797083648
1519436461304598535
1519436461040611328
1519436461581426690
1519436462311178240
1519436462747496453
1519436463020072962
1519436461980143616
1519436463456280577
1519436463548555266
1519436464110637056
1519436463850594307
1519436465096171520
1519436465415102465
1519436465070956546
1519436465918427136
1519436466211934212
1519436466098778112
1519436466635558914
1519436467046649856
1519436467113762819
1519436467109519366
1519436467382194176
1519436467487096838
1519436467600334850
1519436467302449153
1519436468330106880
1519436468275621888
1519436468695048192
1519436469726683136
1519436470150336512
1519436470326599680
1519436470821474304
1519436470750113797
1519436470561689600
1519436471488458752
1519436472381677568
1519436472641806336
1519436472583131140
1519436472805376000
1519436472838938626
1519436472654438400
1519436472960622593
1519436473438720006
1519436473585606663
1519436474038505479
1519436474218954754
1519436474424475649
1519436475418484737
1519436475305275393
1519436475552735233
1519436475749699585
1519436475493978112
1519436475913318400
1519436475867164673
1519436475980558337
1519436476089618436
1519436476840353801
1519436476685062145
1519436476769054721
1519436476831916038
1519436477385609226
1519436477322731521
1519436477515677701
1519436478031753216
1519436477876346887
1519436478396444675
1519436478723543046
1519436478983643138
1519436478895505408
1519436479507800064
1519436479600099328
1519436479621173248
1519436479684136962
1519436480107663360
1519436480401358851
1519436480468623360
1519436480745295872
1519436480736768000
1519436481026273280
1519436481319866368
1519436481030496256
1519436481638580229
1519436481558765569
1519436481965735942
1519436482238427136
1519436482305527811
1519436482406195201
1519436482381062144
1519436482473246720
1519436482628530190
1519436482821382144
1519436482943107073
1519436484259966976
1519436484310454277
1519436485094748160
1519436485027672067
1519436484708810752
1519436485132439552
1519436485258354688
1519436485245743106
1519436482959843331
1519436485057040385
1519436485975543809
1519436485942030355
1519436485950414864
1519436486130737154
1519436486474612736
1519436487061692419
1519436487162572801
1519436487229681668
1519436487418429440
1519436487359619075
1519436488005533697
1519436488248897540
1519436487779135498
1519436489138003970
1519436489079373825
1519436489142243330
1519436489553285122
1519436489561886721
1519436489511251968
1519436489201012744
1519436489834258432
1519436489939161088
1519436489893072897
1519436490215858177
1519436490178240512
1519436490643849224
1519436490031304704
1519436490790641664
1519436490849370118
1519436491692429316
1519436490954129410
1519436491956625409
1519436492036268033
1519436492426428416
1519436492120240133
1519436492262752256
1519436492757946368
1519436492921360391
1519436492820692992
1519436492933902337
1519436493235924994
1519436493466615808
1519436493361664001
1519436493063864321
1519436493198180352
1519436493672136704
1519436493323919360
1519436493734825984
1519436493873467394
1519436493059723265
1519436493613375488
1519436494510997513
1519436495433568257
1519436495794364420
1519436494468878336
1519436496041910273
1519436496209653760
1519436496205496320
1519436496410927105
1519436496788410369
1519436497325277192
1519436497308602368
1519436497321029632
1519436497937608705
1519436498059227136
1519436498403139586
1519436497706962944
1519436498541715464
1519436498759819271
1519436499045036064
1519436499699314693
1519436500085137410
1519436500286455808
1519436500290650114
1519436500349624320
1519436500915662848
1519436501431599104
1519436501561614336
1519436501645414403
1519436502278803457
1519436502396116992
1519436502438141953
1519436502945742858
1519436502933164038
1519436503033733121
1519436503482572800
1519436504028049413
1519436503889285120
1519436503805579271
1519436504208183298
1519436504233299980
1519436504283684865
1519436504644427783
1519436504946327553
1519436504715649026
1519436505198075904
1519436505474809856
1519436505588146213
1519436505877553154
1519436506158428162
1519436506682830848
1519436507227992064
1519436507605573632
1519436507869712385
1519436508092002304
1519436507878068224
1519436508121473025
1519436508104691713
1519436508360581120
1519436508117282819
1519436508532465670
1519436508914143239
1519436509337772036
1519436509493043200
1519436510797475844
1519436511405649927
1519436511724331008
1519436511904739328
1519436512009539586
1519436512353431554
1519436512269639681
1519436512789729289
1519436513087565830
1519436512554856448
1519436513674776580
1519436513578209281
1519436513729257472
1519436513934675969
1519436514593320962
1519436514593284096
1519436515004272648
1519436515172048897
1519436515541200899
1519436515847413760
1519436515956428801
1519436515784462338
1519436516312899585
1519436516384071680
1519436516380282881
1519436516593860613
1519436516791050240
1519436516753293314
1519436516988182528
1519436517084745728
1519436517667704832
1519436518212968449
1519436518460469250
1519436518271729669
1519436519165022208
1519436519467102208
1519436519622119424
1519436519731310597
1519436520054132736
1519436520268378112
1519436520394051584
1519436520750522375
1519436520809242626
1519436520935022593
1519436521266245632
1519436521392291841
1519436521589420042
1519436521752907779
1519436522281349121
1519436521681698823
1519436522503745537
1519436522726043648
1519436522914725888
1519436523057389573
1519436523229351937
1519436523258613760
1519436523070009349
1519436523627851777
1519436523908837378
1519436524412145664
1519436524466618375
1519436523963301890
1519436525431181312
1519436525724913664
1519436525791940610
1519436525770985472
1519436526136045572
1519436525917810688
1519436526215901184
1519436526442225677
1519436526664531968
1519436527444852736
1519436527461453829
1519436527658491905
1519436527691915264
1519436527662678016
1519436527746666497
1519436527553630211
1519436528560259086
1519436528526712832
1519436528610516992
1519436528723939328
1519436529281736705
1519436529491398658
1519436530187751427
1519436530762362887
1519436530724610048
1519436531013931015
1519436530934325255
1519436531269730304
1519436531504668673
1519436533031481348
1519436533387911171
1519436533601775616
1519436534046683136
1519436533912281088
1519436534780334081
1519436534780362752
1519436534893658122
1519436535170543616
1519436535501840386
1519436536269479938
1519436536466616324
1519436536634302468
1519436537217224704
1519436537229889537
1519436537292902402
1519436537355714560
1519436537515364353
1519436537800318977
1519436538354020353
1519436538521694209
1519436538412777473
1519436538500763648
1519436538685308938
1519436539444531200
1519436539667042304
1519436539956277248
1519436539977244674
1519436540455403520
1519436540422012928
1519436540686000132
1519436540916768768
1519436540853862407
1519436540849627140
1519436541306843141
1519436541218541568
1519436541562523648
1519436542183280640
1519436542174978048
1519436542963593218
1519436543072829440
1519436543257198592
1519436543185887232
1519436543395766273
1519436543286517769
1519436543848587268
1519436544419020800
1519436544465121282
1519436544398049281
1519436544242765826
1519436544607723521
1519436544859197442
1519436545119649792
1519436545136250883
1519436545215848450
1519436545077350400
1519436545727553539
1519436545631080449
1519436545920757760
1519436546017206272
1519436546109280257
1519436546356944896
1519436546457358336
1519436546692329472
1519436546562301954
1519436547187265537
1519436547447472128
1519436547392782362
1519436547954810886
1519436548277776384
1519436548193886213
1519436548588060680
1519436547875127297
1519436548684533761
1519436548869140506
1519436549326209024
1519436549334708224
1519436549057699841
1519436550047772672
1519436550572027905
1519436550756462592
1519436550509109250
1519436550823718913
1519436550723059712
1519436551582883843
1519436552333578264
1519436553025728513
1519436553331822592
1519436553663262721
1519436553570893824
1519436554082697217
1519436554237882371
1519436554317479946
1519436554552299520
1519436554669895682
1519436554787164160
1519436554787241985
1519436555278069760
1519436556095873025
1519436556372643840
1519436556448149504
1519436556515241984
1519436557052268546
1519436557014511618
1519436557408772096
1519436557589282817
1519436557660430337
1519436558155268099
1519436558293782528
1519436558557974530
1519436558205599744
1519436559120203776
1519436559325577225
1519436559602401282
1519436559400984576
1519436560097329154
1519436560634159104
1519436560818745346
1519436561233981440
1519436561988919298
1519436562261549059
1519436562336915456
1519436562668261377
1519436563125526529
1519436563066806272
1519436563247214596
1519436563473928193
1519436563746529280
1519436563754721283
1519436563901566977
1519436563859525633
1519436564186677248
1519436564463509506
1519436564429955072
1519436564471898119
1519436565008850945
1519436565017251840
1519436565126205441
1519436565432479750
1519436565361172481
1519436565788954624
1519436566342512640
1519436566518804480
1519436566485209088
1519436566321455104
1519436566711705600
1519436566598492160
1519436566938202113
1519436567219249153
1519436567001145347
1519436567118557187
1519436568137805844
1519436568372686852
1519436568875855873
1519436568951328769
1519436569291153408
1519436568888766464
1519436569282764805
1519436569425465347
1519436569442230273
1519436569404313601
1519436569098145793
1519436569878405120
1519436570515763201
1519436570692136965
1519436570683715585
1519436571392548864
1519436571615068161
1519436571816124417
1519436571648397312
1519436571824562177
1519436571946196995
1519436571879092224
1519436572076261378
1519436572071907328
1519436571589718018
1519436572285751296
1519436572386603010
1519436572692779019
1519436572717895680
1519436572743319552
1519436572613091329
1519436573078609922
1519436573347037184
1519436573540069377
1519436573577732107
1519436573883789312
1519436573997162498
1519436574165020672
1519436574290755585
1519436574420705280
1519436574370549763
1519436574479556608
1519436574525739009
1519436574898987008
1519436574865436674
1519436574701801473
1519436575263838217
1519436575771439106
1519436575637184512
1519436576069406720
1519436575951753216
1519436576169893888
1519436577809870848
1519436578225111040
1519436578107580416
1519436578246041604
1519436578392879108
1519436578795446278
1519436579030319108
1519436579466399744
1519436579533697024
1519436580099928065
1519436580632645633
1519436580808626176
1519436581337141249
1519436580989059072
1519436581735702534
1519436582486372354
1519436582402641921
1519436582700335105
1519436582826115072
1519436582926827520
1519436583140675585
1519436583358767105
1519436583572713472
1519436583505735681
1519436583610503171
1519436583732232196
1519436584222920706
1519436584394838016
1519436584709283841
1519436584529108994
1519436584528977920
1519436585141358592
1519436585414053921
1519436585292472321
1519436585695125507
1519436585414148103
1519436586408157184
1519436586458521600
1519436586580123653
1519436586395463680
1519436586856890374
1519436587204939776
1519436587230191617
1519436587750330376
1519436588148834305
1519436588174000133
1519436588442214400
1519436588782014464
1519436588765356037
1519436589092511748
1519436589088321544
1519436588832505863
1519436588975112193
1519436589423808512
1519436589566418950
1519436589646196739
1519436589889429504
1519436590086504448
1519436590241746948
1519436590380113922
1519436590753488896
1519436591021924353
1519436591281971202
1519436591550377984
1519436591797735424
1519436592112635904
1519436592200708096
1519436592120750080
1519436592531881985
1519436592951304193
1519436593114791936
1519436593060364289
1519436593274269697
1519436593341337600
1519436593756573698
1519436593731358721
1519436593681022979
1519436593769205763
1519436594327044096
1519436594725404672
1519436594847047681
1519436595392253952
1519436595522596865
1519436595442733058
1519436595715358726
1519436596751314946
1519436597330169857
1519436597497839620
1519436597543981061
1519436597866860544
1519436598185971712
1519436598299041799
1519436598974291971
1519436598982868992
1519436599129481216
1519436599313936384
1519436599968563200
1519436599955763204
1519436599968284672
1519436600027062278
1519436599993511937
1519436599993458700
1519436600387641344
1519436600530374657
1519436600849141763
1519436601218281482
1519436601075834880
1519436601734180864
1519436602388459520
1519436603323994114
1519436603273396230
1519436603273494534
1519436603424448512
1519436603642499072
1519436603571138561
1519436603587973121
1519436603483168770
1519436603990630402
1519436603734724608
1519436604158496771
1519436604808568833
1519436605655818241
1519436605341151232
1519436606733643781
1519436607803301890
1519436607912390660
1519436608231071747
1519436608386134017
1519436608390508545
1519436608742776838
1519436608486977538
1519436608365383682
1519436609199947776
1519436609162301440
1519436609321533440
1519436609485213696
1519436609736912899
1519436609816612864
1519436609623511040
1519436611791982592
1519436611901083649
1519436612383424513
1519436612580655104
1519436612568064001
1519436612962332675
1519436613234966531
1519436613448740865
1519436613838938112
1519436614052696064
1519436614103044098
1519436614514225153
1519436614258556928
1519436615608848386
1519436615734673411
1519436616049307665
1519436615969611776
1519436616099586050
1519436616233852930
1519436616552439808
1519436616418226177
1519436616590405632
1519436616837877760
1519436617081053185
1519436617055842305
1519436617294962695
1519436617639145472
1519436617781456896
1519436618163269632
1519436618242961409
1519436618972676102
1519436619148935176
1519436618981072901
1519436618872012809
1519436619534802945
1519436619777990656
1519436619820023814
1519436620138754056
1519436620218388480
1519436620788903936
1519436620747128832
1519436620277166082
1519436621380132866
1519436621548032000
1519436621648732162
1519436621917171715
1519436622613385218
1519436622625914880
1519436622747652097
1519436622659526659
1519436623020273680
1519436623058022401
1519436623519309825
1519436623540555776
1519436623489896448
1519436623129292800
1519436623552950274
1519436624295346178
1519436624106602497
1519436624441929728
1519436624274333699
1519436624517607425
1519436624895086592
1519436625004146690
1519436625209708548
1519436626018979840
1519436626044272640
1519436626090467337
1519436626727952386
1519436626895806464
1519436627092901906
1519436627135045632
1519436627034128388
1519436627420094465
1519436627952685057
1519436628271411201
1519436628439166978
1519436628724314112
1519436629299150850
1519436630116950016
1519436631140413442
1519436632469893120
1519436632726073344
1519436632759607297
1519436632813932545
1519436632943996930
1519436633241698305
1519436633493446656
1519436633556271106
1519436633745104896
1519436633921269764
1519436634017705985
1519436634194059264
1519436634915172353
1519436634638454785
1519436634734743552
1519436635342991360
1519436635540279297
1519436635938689024
1519436636370931713
1519436636509118466
1519436637029249025
1519436636928593921
1519436637243166725
1519436638094598145
1519436638132355072
1519436638622998529
1519436638794878976
1519436639101194242
1519436639382249473
1519436639906537475
1519436640674062337
1519436640581832705
1519436641118605312
1519436641428852736
1519436641382895620
1519436641634766848
1519436642116849665
1519436642200829952
1519436642402058240
1519436642464972801
1519436642703994880
1519436642532028416
1519436642137817094
1519436643102568448
1519436643479920640
1519436643702300674
1519436644159561737
1519436644289548288
1519436645040275457
1519436645287837696
1519436645464162304
1519436645623341057
1519436645593976833
1519436645975478272
1519436646361436160
1519436644872605696
1519436646701219840
1519436646667669505
1519436646885826561
1519436647259017218
1519436647280123931
1519436647238180864
1519436647359815681
1519436647582081029
1519436647707807744
1519436647976288256
1519436647863132161
1519436648123088901
1519436648295002112
1519436648043495424
1519436648542523394
1519436649977032704
1519436650039988230
1519436650266632193
1519436650341928970
1519436650471899138
1519436650882867200
1519436650740338688
1519436650857779201
1519436651067543553
1519436651252097026
1519436651461816320
1519436652262805504
1519436652833394690
1519436653026185216
1519436653357535232
1519436653890355200
1519436654376734720
1519436654636847105
1519436655207141377
1519436655538675713
1519436655677304834
1519436655916158976
1519436655882604552
1519436656188788736
1519436656209805312
1519436656675282944
1519436657031790593
1519436657178591243
1519436657228873728
1519436657329467392
1519436657447034880
1519436657946202114
1519436658130800642
1519436658571100160
1519436658692792321
1519436658592018433
1519436659212926976
1519436660076781568
1519436660496211968
1519436660622372864
1519436660739657729
1519436660777406465
1519436661041545217
1519436660995416065
1519436661930737664
1519436662161686528
1519436662161481737
1519436662626914304
1519436662534594561
1519436662773895179
1519436663071539201
1519436663029608448
1519436662559973377
1519436663419961344
1519436663478374400
1519436663793102848
1519436664279547909
1519436664430641161
1519436664124358657
1519436664464105473
1519436665026056192
1519436665399349248
1519436665332195328
1519436665441374209
1519436665965662212
1519436665877667842
1519436666187829249
1519436666481557504
1519436666729275392
1519436666989068289
1519436667542724608
1519436667437780993
1519436667656052737
1519436667760918528
1519436668033540120
1519436668440399884
1519436668574523393
1519436668540833792
1519436668662542336
1519436668872314882
1519436669044334594
1519436669178494977
1519436669602365440
1519436669887385600
1519436670382362624
1519436670424211457
1519436670751461377
1519436671024078849
1519436671418527744
1519436671519006722
1519436671527305216
1519436671946743808
1519436672353685505
1519436672357777408
1519436672223617025
1519436672651329536
1519436672873766912
1519436673427324928
1519436673393823753
1519436673376997377
1519436673423220736
1519436673783762945
1519436673880317953
1519436674136223765
1519436674203328513
1519436674920550400
1519436674844946432
1519436675478396930
1519436675650588672
1519436675834863616
1519436675889385472
1519436676413591552
1519436676845686785
1519436677462347777
1519436677583941633
1519436677705609222
1519436678544437249
1519436678498328576
1519436678456385536
1519436678808711168
1519436678951280640
1519436679567794176
1519436679593009153
1519436679614013440
1519436679911718912
1519436679836323841
1519436680327012356
1519436680419229696
1519436680641585154
1519436680788590592
1519436680926662656
1519436680863920128
1519436681069449217
1519436681291747330
1519436681811836929
1519436682034098177
1519436682248048641
1519436682529026048
1519436682734579712
1519436683430690816
1519436683443326978
1519436683724341249
1519436683766222851
1519436684026392576
1519436684420603904
1519436685133688832
1519436685188210689
1519436685553336320
1519436685259513857
1519436686173822977
1519436686173769728
1519436686454886403
1519436687264428034
1519436688027697153
1519436688283549696
1519436688338165760
1519436688547885061
1519436688719810561
1519436689114021889
1519436689973805056
1519436690288435200
1519436691009798145
1519436691399921664
1519436691400015879
1519436691412590592
1519436692557467648
1519436692893044737
1519436692926746626
1519436693106999296
1519436693425704960
1519436693547458562
1519436693547458561
1519436693660745729
1519436693975318534
1519436694067503104
1519436694293942273
1519436694822350848
1519436694809976833
1519436694960828416
1519436695250251776
1519436695309254656
1519436695086665729
1519436695975841792
1519436696395386881
1519436696701472768
1519436696579944449
1519436696617684992
1519436697121038338
1519436697032921089
1519436697477558276
1519436697485910017
1519436697645244418
1519436697875980290
1519436698794430464
1519436698387574784
1519436698677096449
1519436699163627522
1519436699188834304
1519436699553742848
1519436699520356352
1519436699750871045
1519436700069642240
1519436700346470401
1519436701017554945
1519436701000736792
1519436701474738179
1519436701541707776
1519436701739134977
1519436701214593029
1519436702023966720
1519436702162509825
1519436702238056449
1519436702238101506
1519436702225416193
1519436702363836419
1519436702523273216
1519436702921768960
1519436702896443394
1519436703257219081
1519436703542530051
1519436703865479170
1519436704654172160
1519436704758878209
1519436705073401856
1519436705413148672
1519436705853440002
1519436706176401408
1519436706293989379
1519436706742562817
1519436706927292417
1519436707665436672
1519436707686490113
1519436707845881859
1519436707812327425
1519436708018012160
1519436708034527232
1519436708349108225
1519436708173000705
1519436708747657219
1519436708395237378
1519436708726861825
1519436709108330496
1519436709573898240
1519436709456453632
1519436709255069697
1519436709523558401
1519436709976498176
1519436710320513024
1519436710547009536
1519436711117295616
1519436711360712704
1519436711788486656
1519436712107454464
1519436712094486529
1519436712245661696
1519436712337936384
1519436712480579585
1519436712698691584
1519436712925143041
1519436712920895490
1519436713054982144
1519436713311059969
1519436713613053955
1519436713940111361
1519436714309296128
1519436714518978561
1519436714707587072
1519436714711863298
1519436714758053891
1519436715143872535
1519436715412254722
1519436715324227592
1519436715278147585
1519436715802382342
1519436716163178498
1519436717610184705
1519436717635346433
1519436717694099457
1519436717572476935
1519436716767162368
1519436718138658816
1519436719166164992
1519436719711522816
1519436720013459468
1519436720344862724
1519436720126758913
1519436720734883846
1519436721095528448
1519436721183723521
1519436721317978112
1519436721405976576
1519436721238257664
1519436721544331265
1519436721519493120
1519436721745760257
1519436721867436032
1519436721749901313
1519436722173448195
1519436722290974721
1519436722597027840
1519436722668457986
1519436722253225988
1519436722756460544
1519436722945380352
1519436723201396736
1519436723398262785
1519436723289272320
1519436723796660224
1519436723695996929
1519436724165775360
1519436724203577344
1519436724815945729
1519436725038161921
1519436725659082752
1519436725809991680
1519436726057504769
1519436726183157761
1519436726120370177
1519436726229381121
1519436726330175492
1519436726430707712
1519436726728544285
1519436726799720448
1519436726808231939
1519436726988587008
1519436726976057344
1519436727181451264
1519436727424716800
1519436727621926912
1519436727638966272
1519436727873462272
1519436727844175872
1519436728330772485
1519436728452452353
1519436728951484417
1519436728955805697
1519436728926408711
1519436729022697472
1519436729144553472
1519436729492639745
1519436729920507904
1519436730151186436
1519436730155294720
1519436730381840386
1519436730767663105
1519436731019370497
1519436731153620992
1519436730922848257
1519436731484938241
1519436731925344260
1519436732311252997
1519436732231417856
1519436731606609920
1519436732629987332
1519436732730515457
1519436733103837184
1519436733305303041
1519436733393350658
1519436733468889092
1519436733607145473
1519436733699395584
1519436733762351104
1519436733724643328
1519436733699571717
1519436734295072770
1519436734316089344
1519436734626504709
1519436734970400771
1519436735347924996
1519436735830183936
1519436736102899723
1519436737134608385
1519436737260314625
1519436737679867904
1519436737608658946
1519436738111934468
1519436738279706636
1519436738346864640
1519436738426556417
1519436738715869189
1519436738875342849
1519436738959134723
1519436739076632576
1519436739068055552
1519436739424759810
1519436739776901120
1519436739844136961
1519436739294736384
1519436740255268868
1519436740272001026
1519436740204892160
1519436740775354368
1519436741316431883
1519436741500981248
1519436742113247235
1519436742247522304
1519436742415110144
1519436742318714880
1519436742377545728
1519436742020972546
1519436742771675136
1519436742876704769
1519436743589744641
1519436743958831108
1519436743941902337
1519436743853940739
1519436744227184642
1519436744466124800
1519436744516673536
1519436744894124040
1519436745191788544
1519436745271615489
1519436746186014724
1519436746521460737
1519436746852868096
1519436746978734082
1519436747234586624
1519436747259535360
1519436747410714625
1519436747305857024
1519436747687575553
1519436747775496192
1519436747880660992
1519436747834335234
1519436748773863424
1519436749096714240
1519436749260394499
1519436749293834242
1519436749444947971
1519436749528879105
1519436750254399492
1519436750325956609
1519436750258688001
1519436750539661313
1519436750925578241
1519436751487614991
1519436751730790401
1519436751856668677
1519436752150319104
1519436752838086659
1519436753177911304
1519436753391730689
1519436753685278720
1519436753869934593
1519436753928663040
1519436753953869824
1519436753974992896
1519436754452951042
1519436754536869895
1519436754943676416
1519436755237224449
1519436755287564288
1519436755392413696
1519436756151676929
1519436756726206467
1519436756893974529
1519436757074575360
1519436757309308928
1519436757510631424
1519436758206849026
1519436758521319424
1519436758785482753
1519436759108657154
1519436759154794496
1519436759079297025
1519436759247073281
1519436759418949633
1519436759398064129
1519436759658029062
1519436759788097536
1519436759825739776
1519436759930658817
1519436759859445766
1519436760421257217
1519436760605995009
1519436760840912896
1519436760891240452
1519436761394556929
1519436761369391108
1519436761381879809
1519436761671561216
1519436761566429187
1519436761784786945
1519436762124210176
1519436762250203139
1519436762250203136
1519436762896117764
1519436763269320704
1519436763336482817
1519436763416174592
1519436763462356993
1519436763692941313
1519436764120850433
1519436764389195776
1519436764888264704
1519436765299462144
1519436765576183810
1519436765609795584
1519436765622415361
1519436765731381251
1519436766024847360
1519436766381551616
1519436766809370626
1519436767002304515
1519436767149142016
1519436767019126786
1519436766838767616
1519436767639842816
1519436767665037316
1519436767467696130
1519436768218468352
1519436768315015168
1519436768264822792
1519436768289955840
1519436768407437314
1519436768264790020
1519436768403427328
1519436768667664384
1519436768134803458
1519436769019629569
1519436769565061127
1519436769585991681
1519436770336993280
1519436770349359112
1519436770240204800
1519436770525556738
1519436770886447105
1519436770915635201
1519436771322478592
1519436771163004928
1519436771494436870
1519436771595018241
1519436771637047316
1519436772115165184
1519436772614172672
1519436773067214850
1519436773335523330
1519436773423820801
1519436773595787264
1519436773637640192
1519436773889298432
1519436774220705793
1519436773910360064
1519436774996516867
1519436775378370568
1519436775550296064
1519436775562874880
1519436775747379200
1519436775948705796
1519436775147507713
1519436775999086593
1519436776171003907
1519436776884125697
1519436777035030529
1519436777236447233
1519436777429377024
1519436777911693314
1519436778565881856
1519436778725425153
1519436778649890818
1519436778692055040
1519436779002023936
1519436778687860736
1519436779144757250
1519436779207733248
1519436779379740672
1519436779790688256
1519436777769086976
1519436779979370496
1519436780172361729
1519436780117889026
1519436780965187584
1519436781120327682
1519436781330092032
1519436781581901824
1519436781468504065
1519436781699088384
1519436782177165312
1519436782127009797
1519436782357692424
1519436782546345989
1519436782483361792
1519436782684803074
1519436782714208257
1519436782856818690
1519436782915526658
1519436783284637697
1519436783347712000
1519436781892128769
1519436783339024384
1519436783385202688
1519436783699869696
1519436783771082752
1519436783599116290
1519436784006045697
1519436783980879883
1519436784182169603
1519436784282779648
1519436784362426368
1519436784572280832
1519436784828133381
1519436784719044609
1519436785016836100
1519436785356623872
1519436785209720832
1519436785394270209
1519436785591500800
1519436786036281344
1519436786266685443
1519436786170097664
1519436786753228801
1519436786749128705
1519436787231379458
1519436788145786889
1519436788212719616
1519436788833689600
1519436788930068487
1519436790603534339
1519436790716841984
1519436790746157064
1519436790796587009
1519436791266295812
1519436791224414208
1519436791236935685
1519436791501238280
1519436791505428480
1519436791950057474
1519436791849304073
1519436792298098696
1519436792495321091
1519436792734400515
1519436792939925512
1519436793141202944
1519436793715859456
1519436793690660869
1519436793917190147
1519436793908715521
1519436793388716032
1519436794374328326
1519436794374279169
1519436794768539648
1519436794982551558
1519436795074822146
1519436795418595328
1519436795649445888
1519436795842334721
1519436795854790656
1519436796362428419
1519436796429488129
1519436796211433472
1519436796546846720
1519436796672757761
1519436796702175232
1519436796966449153
1519436796194480128
1519436797700452353
1519436797834498048
1519436797956214788
1519436798006644736
1519436798979678214
1519436799181041667
1519436799537344514
1519436799562719233
1519436799759818756
1519436800212848641
1519436800246353923
1519436800573558785
1519436800963477504
1519436800804241409
1519436801236029440
1519436801345298433
1519436801584381952
1519436801546539010
1519436801575993345
1519436801617932290
1519436801718603776
1519436801877831680
1519436801861206018
1519436802406318081
1519436802557362177
1519436802121248768
1519436802788311041
1519436802825748481
1519436802876129280
1519436803085844480
1519436803119489024
1519436803480203266
1519436804575068160
1519436804931342347
1519436804973158405
1519436804985954306
1519436804931436547
1519436805355024385
1519436805594312704
1519436804734214150
1519436805552046080
1519436805799440384
1519436805782728704
1519436807141691393
1519436807276015617
1519436807418613761
1519436807716319232
1519436807653502976
1519436808114778112
1519436808496599041
1519436808639066112
1519436808836243457
1519436809016545281
1519436809033420800
1519436809293295616
1519436809134034945
1519436809922842630
1519436810044149760
1519436810719571969
1519436810904117250
1519436810857889817
1519436810526801920
1519436811294097408
1519436811700998145
1519436811843649537
1519436811919052802
1519436811768307712
1519436811885498369
1519436812791414784
1519436812896260096
1519436812384673792
1519436813189885954
1519436813743493120
1519436813789802497
1519436813848309760
1519436813609361410
1519436814116872197
1519436814624473090
1519436814687346693
1519436814930509824
1519436814997950464
1519436815115116548
1519436815396409344
1519436815618424839
1519436815446519808
1519436815698116608
1519436816415342592
1519436816427933696
1519436816612474880
1519436817149399043
1519436817648418816
1519436817690374144
1519436818265313281
1519436818235670530
1519436818772598784
1519436819263336448
1519436819452116994
1519436820164976640
1519436819770793985
1519436820269998085
1519436820328636420
1519436820345327617
1519436820622237697
1519436820429389824
1519436821016588293
1519436821364572161
1519436821305954305
1519436821742161920
1519436821763137536
1519436821771530241
1519436821314211841
1519436822228656130
1519436822467817477
1519436822971047936
1519436823151394825
1519436823235334144
1519436823159836680
1519436823373791234
1519436823294009344
1519436823298252800
1519436823466070016
1519436824070041605
1519436824191672330
1519436824347054080
1519436824330051586
1519436824338472960
1519436824367804417
1519436824468414464
1519436824413978625
1519436825030393856
1519436825240215552
1519436825680650240
1519436825831608320
1519436825902956546
1519436825957437441
1519436826326540288
1519436826498543616
1519436826523709440
1519436826607427585
1519436826901106691
1519436826829799425
1519436827429851137
1519436827861864448
1519436827895029760
1519436829765820419
1519436830315192320
1519436830591967232
1519436830906920960
1519436831464603648
1519436831556837378
1519436832001474563
1519436832672555011
1519436832735301632
1519436832815079424
1519436832982847490
1519436833096192000
1519436833091895296
1519436834333507586
1519436833406472192
1519436834664767492
1519436835134611459
1519436835482705920
1519436835587379201
1519436835793031171
1519436835918860289
1519436835696611332
1519436836132687872
1519436836145446913
1519436836262842374
1519436836296343552
1519436836459978752
1519436836539551744
1519436836833275905
1519436836799713285
1519436837017636864
1519436837156265985
1519436837403648002
1519436836992692227
1519436837718265858
1519436838280347648
1519436839031083011
1519436839005958144
1519436839442128897
1519436839484112899
1519436839626620935
1519436839626723330
1519436839697985537
1519436839911923715
1519436840587063296
1519436840830648326
1519436840935194625
1519436840536784896
1519436841488838657
1519436841807753216
1519436841803563008
1519436842122231808
1519436842239762432
1519436842248163329
1519436842659196931
1519436843279962112
1519436843581947905
1519436843091116032
1519436843850387457
1519436843753820160
1519436843778981888
1519436844089606144
1519436844089450498
1519436844198469634
1519436844332912640
1519436844563369984
1519436844655591429
1519436844588544007
1519436844768935942
1519436845045714944
1519436845053997056
1519436844924125186
1519436845104381953
1519436845154660352
1519436845226106882
1519436845347745798
1519436846027083777
1519436846236942337
1519436846152830977
1519436846429782016
1519436846631161856
1519436846929006604
1519436847230951424
1519436847331508224
1519436847495143424
1519436847503622150
1519436847776256001
1519436847805521922
1519436848120094730
1519436848249982977
1519436848145350658
1519436848502022144
1519436848665284608
1519436848724164608
1519436848975826949
1519436849177149442
1519436849504460800
1519436850427011074
1519436850548645888
1519436851056201729
1519436851467198466
1519436851764858880
1519436852150902787
1519436852209541128
1519436852134096897
1519436852557721600
1519436852314394625
1519436852603850753
1519436852767375365
1519436852696027136
1519436853149020160
1519436853685891073
1519436853333569537
1519436854239576066
1519436854394863616
1519436854617346048
1519436854818394112
1519436855254650880
1519436855556685832
1519436855640350720
1519436855732756480
1519436855581814784
1519436855686615044
1519436855527329792
1519436856340926477
1519436856701911041
1519436856655450113
1519436856470953984
1519436857406283776
1519436857469292545
1519436857884520449
1519436857859264514
1519436857934757888
1519436858043764736
1519436858001924096
1519436858631016449
1519436858714853376
1519436858874335241
1519436858949787648
1519436859050500096
1519436859377651712
1519436859901886467
1519436860170375169
1519436860698894337
1519436860572983297
1519436860845527042
1519436861135020040
1519436861286010881
1519436861948706816
1519436861986553856
1519436862422663169
1519436862552567808
1519436863013937152
1519436862972125193
1519436863181840397
1519436863093813254
1519436863488110599
1519436863639109635
1519436864037478400
1519436864217763840
1519436864876339203
1519436864884772864
1519436865262088192
1519436865836929024
1519436866357018625
1519436866029768710
1519436866503823360
1519436866910670850
1519436867069878273
1519436867082588160
1519436867514601473
1519436867694997504
1519436868076646403
1519436868231782406
1519436868483432448
1519436868265205760
1519436868353466374
1519436868600967170
1519436869079113736
1519436869133651970
1519436869444022273
1519436869636870144
1519436870375124992
1519436870110785536
1519436870559707150
1519436870651895809
1519436871130038274
1519436871230623745
1519436871276843010
1519436872124035074
1519436870400323584
1519436872321224704
1519436872451190785
1519436872463921158
1519436872807849992
1519436872937787392
1519436873407639553
1519436873407606785
1519436873474658309
1519436874154139649
1519436874397405195
1519436874884214784
1519436875202760706
1519436874422820864
1519436876012212227
1519436876322680834
1519436876582690816
1519436876536557569
1519436876456861699
1519436877597609985
1519436877295726592
1519436877698408449
1519436879246110723
1519436879426310146
1519436879334023171
1519436880072568832
1519436880135266309
1519436879908720642
1519436880676335616
1519436880642781184
1519436880714125314
1519436881141850123
1519436881003708416
1519436881250988032
1519436881431203840
1519436881745911809
1519436881896906752
1519436882425389059
1519436883025178633
1519436883129950210
1519436882890965000
1519436883708678144
1519436883675258881
1519436883742404609
1519436884006555660
1519436884073750528
1519436884052787202
1519436884505763844
1519436884610588672
1519436884790988800
1519436885030019072
1519436884887457795
1519436885256376320
1519436885734658048
1519436886271533059
1519436886162423808
1519436886216953860
1519436887253037057
1519436887248838658
1519436887223463936
1519436887559081984
1519436887559180290
1519436888075034624
1519436888267902976
1519436888574156806
1519436888519684101
1519436888653787137
1519436889001914368
1519436889383649280
1519436889375223808
1519436890440667136
1519436890486808580
1519436890578898944
1519436891703189505
1519436891845804032
