1520191177051586567
1520191176900583424
1520191177269530625
1520191177529700354
1520191177617657856
1520191177969917952
1520191177718439937
1520191178754383872
1520191178725076993
1520191178817294347
1520191179698372608
1520191179773652994
1520191180218286081
1520191180285349888
1520191180629291008
1520191180742483969
1520191181325582336
1520191180880891904
1520191181707431942
1520191182017642496
1520191182344794113
1520191182659227648
1520191183032565760
1520191183351332866
1520191183762464768
1520191184513208320
1520191184781692930
1520191184781684737
1520191184907292673
1520191185117224961
1520191185238732801
1520191185247080448
1520191185356312577
1520191185607819264
1520191186669080577
1520191186513776640
1520191187474391040
1520191187344576512
1520191187604459520
1520191187642200066
1520191187705028612
1520191187889623043
1520191188011208704
1520191188053028864
1520191188095143937
1520191188388794369
1520191188413915137
1520191189424787457
1520191188808130560
1520191190603558912
1520191190989041664
1520191192008327168
1520191192285290498
1520191192499060736
1520191192574709762
1520191193753300994
1520191194562768901
1520191194709606403
1520191194747346951
1520191196223713281
1520191196613779456
1520191196508868609
1520191197155033088
1520191197607833600
1520191197549297664
1520191197586857993
1520191198287257603
1520191198379528193
1520191198299770880
1520191198547222529
1520191198916448261
1520191198756974592
1520191198639669248
1520191198840995841
1520191198727651328
1520191199033888768
1520191199033925634
1520191199067480064
1520191199293976577
1520191199193182208
1520191199121788929
1520191198605971456
1520191198601777152
1520191199461748739
1520191198719270912
1520191199570661377
1520191199067492352
1520191199260332034
1520191199612751873
1520191199478378496
1520191199411286016
1520191199738482688
1520191199943880705
1520191200057126913
1520191200057348097
1520191200094867459
1520191200489517056
1520191200438882305
1520191200367587328
1520191199654473728
1520191200661286913
1520191200644403200
1520191200522915840
1520191200338317315
1520191201147817984
1520191200505991170
1520191200950509569
1520191201248305152
1520191201235767296
1520191200950554624
1520191201378414592
1520191201344774144
1520191201164636160
1520191201588260864
1520191201625796608
1520191201915244544
1520191201147863044
1520191201634402310
1520191202171121664
1520191202364076032
1520191202334707712
1520191201915379715
1520191201852334080
1520191202288537601
1520191202074804230
1520191202489946114
1520191202536136704
1520191202498252800
1520191202842267652
1520191202808762370
1520191202359840769
1520191202691366912
1520191202410254413
1520191202787745794
1520191202863292417
1520191203244969984
1520191202599055361
1520191203278524416
1520191203295203328
1520191203404353537
1520191203467223041
1520191203433750529
1520191203534376960
1520191203236405249
1520191203156893696
1520191203597336589
1520191203609698304
1520191203802681344
1520191204150808576
1520191204209606656
1520191204905918472
1520191204452929540
1520191204352311296
1520191204054298624
1520191205245661184
1520191205220433922
1520191205128163332
1520191205417619457
1520191205249888258
1520191204838813696
1520191205522477062
1520191204935098369
1520191205283401729
1520191205585285120
1520191206130552832
1520191205866409984
1520191205497356288
1520191205455314945
1520191205723811847
1520191205933563921
1520191205836996614
1520191205912371200
1520191206503944192
1520191206675734529
1520191206717747200
1520191206994497538
1520191207435116551
1520191207133036545
1520191207053434880
1520191207611138048
1520191207875485696
1520191207804006400
1520191208232046592
1520191207695011841
1520191207783251968
1520191208500383744
1520191207871242242
1520191208785514496
1520191208026484737
1520191209188200448
1520191209419026434
1520191209892896780
1520191210106859521
1520191210190741510
1520191210601603074
1520191211067293696
1520191211176443905
1520191211470049280
1520191211516186626
1520191211511992324
1520191211780272128
1520191211641966592
1520191211847524352
1520191212040425472
1520191212489039873
1520191212623478786
1520191212367466496
1520191213537660928
1520191213663670272
1520191213504278528
1520191214355632128
1520191214590562304
1520191215010037764
1520191215114899458
1520191215110524928
1520191215265755138
1520191215324565504
1520191215672741918
1520191216469508096
1520191216536727563
1520191216964538368
1520191216998047744
1520191217216147457
1520191217337876484
1520191217983791104
1520191219413839873
1520191219065921538
1520191219652988929
1520191220064030720
1520191220311490561
1520191220311420929
1520191220563296256
1520191220764622848
1520191220852703237
1520191220387131393
1520191221100335104
1520191220890628096
1520191220978491394
1520191221481852935
1520191221284618241
1520191222937055232
1520191223402840064
1520191223365255168
1520191219573432322
1520191224275218432
1520191224598208512
1520191224484974593
1520191224291991554
1520191224954560513
1520191225021743106
1520191225118150656
1520191225948774402
1520191225537695744
1520191226074390528
1520191228381470728
1520191228570128384
1520191228805095425
1520191229354549249
1520191229107093504
1520191229568372736
1520191229945950209
1520191229325189120
1520191231078379520
1520191231107936256
1520191231237758979
1520191231531302913
1520191230478540801
1520191231070027779
1520191232227504128
1520191232319893505
1520191232525357059
1520191232793796608
1520191232693370880
1520191233041346560
1520191233452556288
1520191233490100225
1520191233708154916
1520191233573810177
1520191233930539010
1520191234140106752
1520191234215755779
1520191234274377728
1520191234790232064
1520191235167862784
1520191235817803776
1520191236136751104
1520191236417613824
1520191236677767168
1520191237353000961
1520191237482971136
1520191237399232513
1520191237675966466
1520191237982236673
1520191238108233728
1520191238271651840
1520191238330273792
1520191238317637633
1520191238951120900
1520191239173197825
1520191239747944449
1520191240414941190
1520191240494620672
1520191241497067520
1520191241832476672
1520191241870364675
1520191241769652228
1520191242260254720
1520191242847412224
1520191242503602176
1520191243137196032
1520191243493560321
1520191243569008640
1520191243757793282
1520191244177182721
1520191244164485120
1520191244374138880
1520191244378509314
1520191245485760514
1520191246571958272
1520191246131679233
1520191246660214785
1520191246437785600
1520191246911819778
1520191247276781575
1520191247511523328
1520191247499300865
1520191248019120128
1520191248006787072
1520191248442789888
1520191248761511936
1520191248841199616
1520191249071833089
1520191249361391622
1520191250334248961
1520191250531561473
1520191249864699909
1520191250560962560
1520191250732920833
1520191250946826243
1520191250900561920
1520191251433332737
1520191251483705345
1520191251550588928
1520191252444192773
1520191252200833026
1520191253899620352
1520191254683914240
1520191254386126851
1520191255229001728
1520191254616813568
1520191255703171072
1520191256558661633
1520191256596385792
1520191256332283904
1520191256801906688
1520191257162633216
1520191257380892674
1520191256890073089
1520191258433671170
1520191258404085761
1520191259066834944
1520191259117293572
1520191259457236993
1520191259821891586
1520191259968774144
1520191260459470848
1520191260505481217
1520191260400787456
1520191260484685824
1520191260858122240
1520191260258357248
1520191261235421190
1520191261214482440
1520191261822623750
1520191262023983104
1520191262007214080
1520191262300811265
1520191262602653697
1520191262955028480
1520191263038976000
1520191263198302208
1520191263567400960
1520191264020381709
1520191263982723073
1520191264125243392
1520191264360071169
1520191264322428929
1520191264251068424
1520191264561455104
1520191264854921216
1520191264976773121
1520191265157136384
1520191265488670720
1520191265199075329
1520191265400410114
1520191265660456961
1520191265585135617
1520191265757097984
1520191266100846601
1520191266771845121
1520191266717421570
1520191267652915200
1520191267866611712
1520191269380976640
1520191269297074177
1520191269397540864
1520191269632364545
1520191270165041156
1520191270798299137
1520191270785855489
1520191269896699904
1520191270819409920
1520191272354516995
1520191272643817474
1520191272811917312
1520191273956777984
1520191274107928576
1520191274116071427
1520191275135348736
1520191275504447488
1520191275919622160
1520191275630223369
1520191277018619904
1520191276183818241
1520191277161394177
1520191277694087171
1520191277999874050
1520191278859702272
1520191278859829249
1520191278981517313
1520191279103160321
1520191279082229765
1520191279186989058
1520191279665197057
1520191279266676738
1520191279661039616
1520191280151556096
1520191281556774912
1520191280441081857
1520191282374660099
1520191282424995840
1520191282446020609
1520191282655776768
1520191283075104769
1520191283779670016
1520191283582623745
1520191284199186433
1520191284362850304
1520191284580864000
1520191284769607681
1520191285746802688
1520191285931487234
1520191286090764288
1520191286241759232
1520191286967296001
1520191287428890631
1520191287651373056
1520191287718297605
1520191287890259968
1520191288133525505
1520191289316229127
1520191289496637440
1520191289534386176
1520191289882550272
1520191290578718722
1520191291132420102
1520191291606564864
1520191291727831040
1520191291895828482
1520191291925147650
1520191291929341953
1520191292118024195
1520191292164251648
1520191292420014080
1520191292307050496
1520191292810330112
1520191293246390275
1520191293313675264
1520191293330124802
1520191294425165825
1520191294567550979
1520191294693588992
1520191295200894982
1520191295394029568
1520191295674847232
1520191295716610048
1520191297151062016
1520191297293733888
1520191297771950081
1520191298405380096
1520191299156348929
1520191299110031361
1520191299122606082
1520191299415990272
1520191299802042369
1520191299457929218
1520191299889995776
1520191300355518464
1520191300405846016
1520191300674342912
1520191300720422912
1520191300917551106
1520191301630767105
1520191301647482883
1520191301991469058
1520191302159245316
1520191302301855744
1520191302482157568
1520191303245512706
1520191303836962817
1520191303677448193
1520191303945916416
1520191304218591236
1520191304621252609
1520191305153925122
1520191306383134720
1520191306781401089
1520191306944897043
1520191307091783682
1520191307297300480
1520191307393769472
1520191307670761472
1520191307758673920
1520191307834183681
1520191307632848898
1520191307846762496
1520191309524488192
1520191309797072900
1520191310313005056
1520191310820528131
1520191310858268675
1520191312594706433
1520191312884031489
1520191313345351681
1520191313609740293
1520191314616332288
1520191314725376000
1520191315471912960
1520191315832709121
1520191315849494529
1520191315987910656
1520191317741125632
1520191318261182464
1520191317992693760
1520191318324137984
1520191319175569409
1520191319238483968
1520191319469088768
1520191319414501376
1520191320978911232
1520191321117724672
1520191321352425476
1520191321360711681
1520191321998528517
1520191324045066245
1520191324149886976
1520191324611387395
1520191324888215553
1520191326502866946
1520191327702593538
1520191327379628038
1520191329208307712
1520191329875427328
1520191329468309505
1520191330336477185
1520191330797998080
1520191330424696835
1520191330957205504
1520191331162804225
1520191331389386754
1520191332521857024
1520191332731572225
1520191333075664896
1520191333356347392
1520191333302140928
1520191333620723712
1520191333989851139
1520191334145048578
1520191333754974209
1520191333813653506
1520191334606422018
1520191334568583172
1520191334795161601
1520191335042809856
1520191335315038208
1520191335394951169
1520191335684349954
1520191336166604806
1520191336284307456
1520191336422518784
1520191336455938048
1520191336770678784
1520191336292360192
1520191338393657344
1520191338775560193
1520191338502926336
1520191339287166977
1520191339014631425
1520191340126117888
1520191341296246784
1520191341992587264
1520191341870862338
1520191342114189314
1520191342399438848
1520191343624085504
1520191343993233409
1520191344085512195
1520191344530046977
1520191345201057792
1520191345406578688
1520191345478049793
1520191345612279809
1520191345943580672
1520191345788395521
1520191345977139202
1520191346190917634
1520191346853785601
1520191347017363456
1520191347113738246
1520191347843608576
1520191348015575041
1520191348443435008
1520191348413898752
1520191348267180033
1520191349294878721
1520191349634605062
1520191350557364224
1520191350964072449
1520191351127568384
1520191351245217792
1520191351563993088
1520191352855838721
1520191353061355520
1520191352981671936
1520191352868425729
1520191353296232448
1520191353564860416
1520191354340450304
1520191354885783554
1520191355053555714
1520191355028484099
1520191355967967232
1520191356215431173
1520191356844445696
1520191357494702080
1520191357855444992
1520191357985374209
1520191358518108162
1520191358291480576
1520191358568386560
1520191358786441216
1520191359042437127
1520191359231008768
1520191359696707586
1520191360359288832
1520191360715960320
1520191360955043847
1520191361185689600
1520191361496096768
1520191360938221570
1520191361193963520
1520191361324142592
1520191361579991040
1520191362620133378
1520191362993336320
1520191362972356608
1520191363064737792
1520191363077259264
1520191362968215552
1520191363404509184
1520191363819659265
1520191364163584000
1520191364285169664
1520191364666990594
1520191364645990401
1520191364365000704
1520191365564542980
1520191365841227776
1520191366680260611
1520191366902468613
1520191366730555393
1520191366999187456
1520191367233818632
1520191367992987650
1520191368685297664
1520191368588832769
1520191369742106625
1520191369783955456
1520191369884491776
1520191370039857153
1520191370152923136
1520191370794651649
1520191370572533761
1520191370635345922
1520191371851681792
1520191371918725120
1520191371998634001
1520191371935682564
1520191372707659776
1520191372837355520
1520191373038694401
1520191373198168065
1520191373160370176
1520191373143646208
1520191373244305408
1520191373458219021
1520191373261037571
1520191374158708738
1520191374888370181
1520191375274569728
1520191375580479492
1520191375677231104
1520191376691920898
1520191377065320448
1520191377061072899
1520191377509863425
1520191377950363649
1520191375853199360
1520191379367989250
1520191379774836744
1520191379854577664
1520191379917447168
1520191380261576704
1520191380525666307
1520191380726980608
1520191380823412736
1520191380907196416
1520191381104316416
1520191381666291712
1520191381867749377
1520191382333308931
1520191382455189504
1520191382316539904
1520191382450757641
1520191383176646656
1520191384489283590
1520191384421994498
1520191383620837376
1520191384761688065
1520191384711733248
1520191385042919424
1520191386074628096
1520191386607251457
1520191386582020097
1520191386695438338
1520191386858962944
1520191387483836417
1520191387983097856
1520191388599476227
1520191388826193920
1520191389249662976
1520191389442662400
1520191389400764416
1520191390168363008
1520191390340235265
1520191390856400896
1520191391317516290
1520191392005464067
1520191392139517952
1520191392907157504
1520191394266202112
1520191394345799681
1520191395000164352
1520191395335659520
1520191394505179136
1520191395645968384
1520191396573061120
1520191396397068288
1520191397084774400
1520191397701115904
1520191397801992192
1520191398535909376
1520191398372425729
1520191399332925440
1520191399324532737
1520191399978848256
1520191400016494592
1520191400784318464
1520191401073553408
1520191401102872579
1520191401241325568
1520191402449190913
1520191403107700737
1520191403468353536
1520191403527225345
1520191404374478848
1520191404303134721
1520191404894572544
1520191405054099456
1520191405636808704
1520191405603401728
1520191406270300162
1520191406530338817
1520191406706335744
1520191406782181376
1520191406815408129
1520191406999937024
1520191407251542017
1520191407201439744
1520191407557947398
1520191407826341888
1520191408400834561
1520191408673640448
1520191408824786944
1520191409201958912
1520191409457876992
1520191409638236161
1520191409659297795
1520191410279895041
1520191410317803525
1520191410548355072
1520191410867081216
1520191410799976448
1520191410858778626
1520191411227930632
1520191411404120064
1520191411924045824
1520191413933248512
1520191414394490881
1520191414939885568
1520191414910406656
1520191415304671233
1520191415673933825
1520191415782809600
1520191415988342785
1520191416181399553
1520191416659456000
1520191416630087680
1520191417112530945
1520191417192222720
1520191417209008130
1520191417993383938
1520191418823716864
1520191419008307200
1520191418978893824
1520191418823811078
1520191418328915969
1520191419440418827
1520191418794491907
1520191419876581376
1520191420740608000
1520191422204637185
1520191422829568002
1520191422699380738
1520191423064252416
1520191423257055232
1520191423630528512
1520191423525576705
1520191423944937472
1520191424121085954
1520191423832014849
1520191426503450625
1520191427116150784
1520191426985873408
1520191427422330880
1520191427510255617
1520191427350867968
1520191427900174336
1520191427115896838
1520191427434713088
1520191428793667588
1520191429187883011
1520191429515087873
1520191430651645952
1520191421029957633
1520191431637405700
1520191431696330752
1520191431968759813
1520191432610676736
1520191432782450689
1520191433520693275
1520191433679978496
1520191433730310148
1520191434384900096
1520191434581852163
1520191434623795211
1520191434934173696
1520191434774646784
1520191435223539713
1520191435827335168
1520191435852722181
1520191436196442112
1520191436309815296
1520191436276256769
1520191435982712833
1520191436720943105
1520191436691496961
1520191436901294081
1520191436985098249
1520191436955828225
1520191437492604929
1520191439115669504
1520191439581458433
1520191439610777601
1520191440252555288
1520191440424423424
1520191440571281409
1520191440961544192
1520191441238069248
1520191441603117061
1520191441800151040
1520191443675095043
1520191443742175233
1520191444363149312
1520191444497367040
1520191444773851139
1520191444958523393
1520191445390577664
1520191445352783872
1520191446091014144
1520191446468677632
1520191446678048768
1520191446497718272
1520191447663792128
1520191447106002945
1520191447445774341
1520191448313962498
1520191449714860032
1520191449450618880
1520191450046091264
1520191450709135361
1520191450788646913
1520191450595610624
1520191450633457665
1520191450515853313
1520191450843070471
1520191450624917505
1520191450998222848
1520191451237392384
1520191451438714880
1520191451703001088
1520191451853955078
1520191452197933062
1520191452395065347
1520191452906770435
1520191452973867010
1520191453187747841
1520191452717928449
1520191453422624768
1520191453577629696
1520191453951148037
1520191454529867778
1520191454324350976
1520191454911647744
1520191455603544065
1520191455511433217
1520191455771467778
1520191454932611077
1520191456043933696
1520191456203444233
1520191456887062530
1520191457554202624
1520191457512022018
1520191457792913408
1520191458019446785
1520191458287833089
1520191458350874624
1520191458623557633
1520191459097468929
1520191460905205760
1520191460972417024
1520191461261811714
1520191461488271360
1520191461207146497
1520191461723021312
1520191462088089600
1520191462381662211
1520191462993842176
1520191463472218147
1520191464273334274
1520191464734666752
1520191464487202821
1520191465640665089
1520191466236420096
1520191464688558081
1520191466315915264
1520191467876077568
1520191468165648386
1520191468551479297
1520191468702474241
1520191469272899586
1520191469407322112
1520191469134696448
1520191469226708992
1520191469499392001
1520191469817978880
1520191469797232654
1520191470442979328
1520191465414135809
1520191470556356615
1520191470627692544
1520191471265415168
1520191471080591362
1520191471529431042
1520191472028602374
1520191472615759872
1520191472783425536
1520191472947326977
1520191473249140739
1520191473328787462
1520191473320398853
1520191473316245505
1520191473861419009
1520191474146680835
1520191474423508992
1520191474549366787
1520191474821959680
1520191474851360769
1520191475245494273
1520191475765899264
1520191475727929344
1520191476201840640
1520191476671475714
1520191476755582976
1520191477032357888
1520191477531521030
1520191477523038208
1520191477481353216
1520191478202605568
1520191478194184192
1520191478319955969
1520191477703491584
1520191478521208832
1520191478441652225
1520191479985192962
1520191480836542464
1520191481503711234
1520191482040360961
1520191482082172928
1520191482354884609
1520191482665193473
1520191483273306112
1520191483860733953
1520191484414377984
1520191484447887360
1520191484481449985
1520191484582113280
1520191484502413312
1520191484804411401
1520191484657639430
1520191484716224513
1520191484699549701
1520191485269925897
1520191484305285121
1520191485613940738
1520191485940879363
1520191486033285120
1520191486188347392
1520191486226317314
1520191486352138240
1520191486402482180
1520191486582829057
1520191486784069632
1520191486834450433
1520191487656484865
1520191487493144576
1520191487799136263
1520191488285630465
1520191488705150977
1520191488931549184
1520191489229262848
1520191490034524160
1520191490261143552
1520191491179569152
1520191491989131265
1520191491393875969
1520191492110774273
1520191492140285952
1520191492559896576
1520191492899233792
1520191492836446208
1520191493021085701
1520191493658447872
1520191494472142849
1520191493335437312
1520191495596351488
1520191496594796544
1520191496942911488
1520191496988758016
1520191497206870016
1520191497244717057
1520191497517248512
1520191497861316609
1520191497974562816
1520191498406539264
1520191498905661441
1520191499152986112
1520191499316645888
1520191499912179712
1520191500260421633
1520191500826873856
1520191501212520448
1520191501665456129
1520191501464403968
1520191501854248961
1520191501837475842
1520191502240026624
1520191502244323328
1520191503099912198
1520191503745835009
1520191503968129024
1520191503959838720
1520191503926104066
1520191505255866368
1520191505788706816
1520191505893412864
1520191506048454657
1520191505809346560
1520191506157477888
1520191506430054400
1520191506476371968
1520191506300252171
1520191506837032960
1520191506698711040
1520191507038617600
1520191507340308480
1520191507625656320
1520191507927601153
1520191507944603648
1520191508359655424
1520191507399163904
1520191508275597312
1520191508028211211
1520191507550162948
1520191509265539077
1520191509332647939
1520191509408239617
1520191509567401984
1520191509265477632
1520191509982765057
1520191510993592321
1520191511950168065
1520191512268615680
1520191512545357825
1520191512650424322
1520191513002909697
1520191514118393858
1520191514348900354
1520191514428817408
1520191515770994690
1520191515854782473
1520191515833815040
1520191516697927687
1520191517297586176
1520191516613951488
1520191517507284992
1520191517620637696
1520191518497140736
1520191519025733632
1520191519952617472
1520191519768006656
1520191520095227905
1520191520397213706
1520191521177362432
1520191521475158016
1520191521575813120
1520191521244708866
1520191521705938944
1520191522041434115
1520191522045857792
1520191522003722241
1520191522603368448
1520191522829832192
1520191522934775808
1520191523454922752
1520191524172181511
1520191524872626176
1520191525187166210
1520191525258469377
1520191525396877314
1520191525677846528
1520191525862486019
1520191526235688961
1520191526407913472
1520191526382538759
1520191526663598082
1520191526994907137
1520191527061962753
1520191527498170369
1520191528248897538
1520191528630632449
1520191529779970049
1520191530367164417
1520191530622980105
1520191529234612226
1520191531436625922
1520191531952574465
1520191533705678849
1520191534204915713
1520191534364209152
1520191534422892544
1520191535509299200
1520191535438245888
1520191536742510593
1520191536922869761
1520191537266806784
1520191538227257348
1520191539536080899
1520191539229728768
1520191539804360705
1520191540223750150
1520191540454473735
1520191540920037382
1520191541335236610
1520191542098599936
1520191542585081860
1520191542798917632
1520191543100854272
1520191543419838464
1520191543411462144
1520191543784529920
1520191543969079296
1520191544191598592
1520191544820891648
1520191545030418432
1520191544694771714
1520191545068113922
1520191545689112577
1520191545823350784
1520191545718325250
1520191545835728897
1520191546368610304
1520191546187993088
1520191546359877633
1520191546511044616
1520191546754220032
1520191546808672257
1520191546871762944
1520191546582200320
1520191547286999041
1520191547999875072
1520191548624879617
1520191548838879236
1520191548973015042
1520191549199380481
1520191549300215809
1520191549405110273
1520191549782458369
1520191550164291585
1520191550306897924
1520191550894002176
1520191551036661761
1520191551900684289
1520191551758127105
1520191552605331459
1520191552932487168
1520191553561628673
1520191553527894016
1520191553561575425
1520191554354388992
1520191555176259585
1520191555864301568
1520191556417949704
1520191556489252867
1520191556560556035
1520191556795334656
1520191556719939585
1520191557470539776
1520191557911347200
1520191557991014400
1520191557990723584
1520191558020382720
1520191558158807041
1520191558393417737
1520191558381084672
1520191558779392000
1520191560427655169
1520191560578519040
1520191561551675393
1520191561681842176
1520191561967050754
1520191561967022080
1520191563552464902
1520191564538159106
1520191564945006592
1520191565733367808
1520191566345764864
1520191566769319936
1520191566723362817
1520191566513688582
1520191568010952705
1520191569428553728
1520191569864933379
1520191570036805632
1520191570565234688
1520191570900754432
1520191571022462978
1520191571068874752
1520191571395706880
1520191571928489986
1520191572788318209
1520191572973096960
1520191572930965509
1520191573551726593
1520191574193307648
1520191574218526720
1520191575141326858
1520191575757893635
1520191575946575873
1520191576416428034
1520191577179795457
1520191577293049856
1520191577653911552
1520191577796321285
1520191577821368320
1520191577859276801
1520191578140475392
1520191578236674048
1520191578370973699
1520191578631032833
1520191579146838016
1520191580048666624
1520191580023500801
1520191579880837121
1520191580254228483
1520191580598157312
1520191580941991937
1520191581147574273
1520191581550227458
1520191581621567489
1520191581948719105
1520191582053543946
1520191582812573696
1520191583592673280
1520191583513153536
1520191583609823232
1520191583676678144
1520191584125423616
1520191584209358851
1520191584519979008
1520191584851034113
1520191585220190208
1520191584674979845
1520191585618903040
1520191586113662980
1520191586591657984
1520191586973409286
1520191588730916864
1520191589028663310
1520191589255368704
1520191589263437825
1520191590081437699
1520191590408634369
1520191590752563202
1520191591260069888
1520191591306043392
1520191591276855296
1520191592044376067
1520191592354750468
1520191592447029248
1520191593080307716
1520191593227165696
1520191593705353216
1520191593927561242
1520191593998868480
1520191593122533376
1520191594082693120
1520191595185799169
1520191595089334273
1520191595471007745
1520191596284719104
1520191596502949890
1520191596934975489
1520191595609526272
1520191598465667073
1520191598482632709
1520191598675431425
1520191599053058048
1520191598981787650
1520191599182901249
1520191599233413121
1520191599254421505
1520191599128768512
1520191599686615040
1520191600848105472
1520191601712431104
1520191601649328130
1520191601758375938
1520191602152542208
1520191602249019392
1520191602894983168
1520191603398295554
1520191603780067329
1520191603960336384
1520191604786712577
1520191604408995841
1520191604493062146
1520191605138989056
1520191605654925312
1520191607022129157
1520191607429074945
1520191607735259136
1520191608926478338
1520191609459118080
1520191609756823552
1520191609601732615
1520191610285604864
1520191610553839617
1520191610708922368
1520191611115905024
1520191611417681920
1520191612621815808
1520191612713902084
1520191613418491904
1520191614265745408
1520191614542565376
1520191614584512514
1520191614685265922
1520191615062663170
1520191615649910785
1520191615926743040
1520191616098648066
1520191616430272512
1520191616769687552
1520191617348550657
1520191617961013249
1520191617864450049
1520191618220969989
1520191618468438018
1520191618481065986
1520191619772919809
1520191619961700352
1520191621421228035
1520191621459070976
1520191621832134656
1520191621693726720
1520191622130155523
1520191623799336960
1520191623954632704
1520191624168415232
1520191624697225216
1520191625032781824
1520191625607229440
1520191626001281024
1520191625900797952
1520191626278223873
1520191626542559235
1520191626500616198
1520191627972816898
1520191628341882880
1520191628618571776
1520191629054857219
1520191629474537472
1520191630648565760
1520191630451650562
1520191631726632960
1520191632007581697
1520191632062451714
1520191631906856960
1520191632125140993
1520191632125083648
1520191632682876928
1520191632871723008
1520191633567932416
1520191633580507138
1520191633995665408
1520191635421863937
1520191635535306752
1520191635912413184
1520191635686109186
1520191636281643009
1520191636650741760
1520191636705189889
1520191637154054145
1520191637401518082
1520191637380640769
1520191637942505472
1520191637695221763
1520191637812834304
1520191638131290112
1520191638148378625
1520191638919860224
1520191639104466944
1520191640035635200
1520191640576614401
1520191641016881152
1520191641696436225
1520191641784655874
1520191642547990528
1520191643034476546
1520191643772719104
1520191643709751297
1520191643902742529
1520191644477190144
1520191645509111808
1520191645979131904
1520191645446291457
1520191645873889281
1520191645370650625
1520191646490578944
1520191646666797063
1520191646822027269
1520191647161618432
1520191647434395648
1520191647312715777
1520191647505879040
1520191647358795776
1520191647837048832
1520191647958536192
1520191648243793928
1520191648373817345
1520191648772337665
1520191648780722190
1520191649346859008
1520191649405710336
1520191649585934336
1520191650244575239
1520191650341203968
1520191651016237056
1520191651117154304
1520191651792269313
1520191653641785344
1520191655353085952
1520191655416111105
1520191655655182339
1520191656280035329
1520191656703795201
1520191656858894337
1520191657018368000
1520191657387479041
1520191657324400640
1520191658217947143
1520191659190931456
1520191659157381121
1520191658943520768
1520191659782332418
1520191660335976448
1520191660302479360
1520191660096901120
1520191660541550593
1520191661023789057
1520191662189780993
1520191662651236352
1520191662634401792
1520191663209070594
1520191663691476992
1520191663523704834
1520191664832217089
1520191665012625408
1520191665176289280
1520191665176256512
1520191665297711105
1520191665968922627
1520191666199666693
1520191666459934720
1520191666686238721
1520191667009212418
1520191667063590913
1520191667453808640
1520191667847917568
1520191668183388161
1520191668699693056
1520191668758016000
1520191669500407808
1520191669387333632
1520191669664202752
1520191669777305600
1520191669802618880
1520191670515425281
1520191670582530048
1520191671136260096
1520191671635427331
1520191671895347202
1520191671564177409
1520191672612974592
1520191673762033666
1520191673468612608
1520191673917132800
1520191673908740108
1520191674307289091
1520191674378592259
1520191674517008384
1520191674743406598
1520191674785443841
1520191674961571840
1520191675670220808
1520191675821608961
1520191676358135808
1520191676786032642
1520191677490638848
1520191678128312322
1520191678396747777
1520191678509813761
1520191679101210625
1520191679252209664
1520191679612993536
1520191680292478981
1520191680162504704
1520191680619683872
1520191680904892418
1520191681127190528
1520191681181609985
1520191681026572288
1520191681949274117
1520191682284769282
1520191682959925248
1520191683694112768
1520191684004483073
1520191684692246529
1520191684658741249
1520191684931428353
1520191685325737985
1520191685371781121
1520191685908742147
1520191686160257025
1520191686051258368
1520191686575599616
1520191686646796288
1520191687032721409
1520191687233916929
1520191688618041344
1520191688983166976
1520191689968791555
1520191690895732740
1520191691608764416
1520191692028186626
1520191692149714946
1520191693110325250
1520191693533978632
1520191693550723072
1520191693601095682
1520191694423339009
1520191694637088769
1520191695320715264
1520191695375290368
1520191695433965574
1520191695891038208
1520191696339976193
1520191696868282369
1520191697237422081
1520191697686253570
1520191698294484993
1520191698562920449
1520191698613194757
1520191699057725442
1520191700672651265
1520191700496494596
1520191700819402753
1520191701008199681
1520191701146832897
1520191702035668992
1520191702052528131
1520191702237130755
1520191702140694529
1520191702425817092
1520191702979559425
1520191703264763904
1520191704166453250
1520191705282195456
1520191705454358528
1520191705756192771
1520191705840066560
1520191706213322752
1520191706716590081
1520191706582462465
1520191707974975488
1520191708608139264
1520191708981792768
1520191709174501378
1520191709279309824
1520191710210441217
1520191710466383875
1520191711451959297
1520191712215412736
1520191712584294402
1520191712685133826
1520191713079291904
1520191713725149184
1520191714094428160
1520191713649831937
1520191714501312513
1520191715239411713
1520191715402911744
1520191715281412096
1520191715373502464
1520191715939737600
1520191716426276864
1520191716476993536
1520191716392943617
1520191716501991432
1520191716627726336
1520191716699090946
1520191717907042307
1520191717944840192
1520191718083207170
1520191718041206785
1520191719203082242
1520191719446220800
1520191720184451072
1520191720159428609
1520191720750788608
1520191720872464386
1520191720914178048
1520191721183006721
1520191721308495872
1520191721140801536
1520191721811984384
1520191721946165248
1520191722235604993
1520191722244001792
1520191722365624323
1520191722524872704
1520191723049308161
1520191723330232321
1520191724320182277
1520191724546576385
1520191724848562180
1520191724932456449
1520191725108609025
1520191725091889152
1520191725813215232
1520191726136221696
1520191726094143488
1520191726157242368
1520191727084220423
1520191726866276352
1520191727545380864
1520191727612710917
1520191727944056832
1520191727797112832
1520191728182910977
1520191728904556544
1520191729025970176
1520191729084813316
1520191729974005761
1520191730661920768
1520191731379150850
1520191732087885824
1520191732469612545
1520191733832765441
1520191733920894977
1520191734143242240
1520191733937897474
1520191735137193986
1520191736072527880
1520191736974385153
1520191737045602307
1520191737104416775
1520191737288962049
1520191738064912385
1520191737943232514
1520191738350088192
1520191738643681280
1520191739620904961
1520191740229357568
1520191740073762816
1520191740191199233
1520191740447186945
1520191740522614784
1520191740707319808
1520191740992442370
1520191741219024896
1520191741369847810
1520191742024187904
1520191742670082048
1520191742842048513
1520191743701962752
1520191743827742720
1520191743827750913
1520191743962095617
1520191745098670081
1520191745199280128
1520191745287405569
1520191745342189568
1520191746365595649
1520191746780672002
1520191746923147264
1520191747200282624
1520191747875385345
1520191747959128064
1520191749184159744
1520191749108416513
1520191749985083393
1520191750035447809
1520191750249205760
1520191750819618816
1520191750979133440
1520191751192862720
1520191751960465408
1520191752119873536
1520191752258441216
1520191752694546432
1520191752614862849
1520191751843348481
1520191752786821121
1520191753453805570
1520191753655103488
1520191754011611144
1520191754225524737
1520191754410020866
1520191754833694721
1520191754837835781
1520191755169193986
1520191754313428993
1520191755802783744
1520191755932647426
1520191756138078211
1520191756381618176
1520191756632879104
1520191756884537345
1520191757534781442
1520191757673275392
1520191758377885696
1520191758600224768
1520191760512823299
1520191761523810304
1520191761481621506
1520191761947238400
1520191762190508034
1520191762840629249
1520191762991439872
1520191763117391873
1520191763562041344
1520191763935289345
1520191764035997697
1520191764744843266
1520191764900028416
1520191763801116672
1520191765290094593
1520191765474652160
1520191766347067392
1520191767022391300
1520191766497964032
1520191768091938816
1520191767999565824
1520191768737640448
1520191768830091264
1520191768926597121
1520191768926384128
1520191769274687490
1520191769450790920
1520191769517989888
1520191770054770700
1520191770918891526
1520191770994388995
1520191771002744832
1520191771375984640
1520191771547951106
1520191772638564352
1520191773489913861
1520191773473181696
1520191773502414848
1520191773611630592
1520191773401825280
1520191773678653442
1520191774110941184
1520191774790021120
1520191775587119109
1520191776744685569
1520191776769949697
1520191776945967104
1520191776270680065
1520191776899932161
1520191777310916609
1520191778011426837
1520191778481127426
1520191778715934720
1520191778938580992
1520191779391242241
1520191780855042048
1520191780473511940
1520191781207519232
1520191780729278464
1520191781161562113
1520191782092521483
1520191782461575171
1520191782373449728
1520191782847401986
1520191783631736832
1520191784365744129
1520191784248303619
1520191784244383744
1520191784441286658
1520191784596299776
1520191784600870912
1520191784768352256
1520191784940359683
1520191787574386688
1520191788325036032
1520191788379787264
1520191789663240192
1520191789696974849
1520191789742841856
1520191790233530368
1520191790523232256
1520191791047188480
1520191791324184576
1520191792423002112
1520191792808931328
1520191793215721475
1520191793052102657
1520191793576484864
1520191793903673349
1520191793320673281
1520191794578968576
1520191794494980096
1520191794914672640
1520191794952249351
1520191796067901440
1520191796973912065
1520191797628215296
1520191797699710976
1520191798043422722
1520191798211395584
1520191798320111616
1520191797028433922
1520191798257369088
1520191798366425089
1520191798496354305
1520191799007924224
1520191799192481794
1520191798378995713
1520191799670808577
1520191799695974402
1520191800425824256
1520191801247903744
1520191801726234624
1520191801788928000
1520191801428418560
1520191801864380416
1520191801847545856
1520191802078285825
1520191803563069440
1520191804322234369
1520191804662071301
1520191805194752004
1520191805568208897
1520191805656121344
1520191806029410304
1520191806352277504
1520191806318731264
1520191806461276160
1520191807384354816
1520191808348704768
1520191808768249860
1520191808919285760
1520191809871355917
1520191810349510658
1520191810349387777
1520191811117105153
1520191811351941120
1520191811515559939
1520191811637198850
1520191811700019206
1520191812023250944
1520191813314748416
1520191813499469824
1520191813793030145
1520191813822394370
1520191814178947074
1520191814451351552
1520191814577397762
1520191812958408705
1520191816490008576
1520191816678928385
1520191816867405826
1520191816938704896
1520191817857355783
1520191818176294912
1520191818314358785
1520191818645786624
1520191818759118853
1520191818851307520
1520191819241431041
1520191819551752194
1520191820302585857
1520191820747186176
1520191820604448768
1520191821657391105
1520191821741273095
1520191821615443969
1520191822395416577
1520191822668214273
1520191822932463618
1520191823209140224
1520191823246815232
1520191824140578816
1520191824316534785
1520191824757129216
1520191824865988609
1520191825314603009
1520191825499156481
1520191825566646272
1520191825901989888
1520191825956462599
1520191825943932928
1520191826111582208
1520191827151835136
1520191827231625216
1520191827403587586
1520191827806404609
1520191828032696321
1520191828951150592
1520191829152387073
1520191829811023898
1520191830759034881
1520191831002259457
1520191831736156160
1520191831887261701
1520191832021671937
1520191832008896513
1520191832050868224
1520191832587710464
1520191833128808449
1520191833397239808
1520191833434988544
1520191833560817665
1520191833607110656
1520191833720205312
1520191834689056768
1520191834772832256
1520191835007856642
1520191835876237312
1520191836039663619
1520191836488224768
1520191835892641792
1520191837218082816
1520191837209833474
1520191837461532672
1520191837704753152
1520191837901783040
1520191838233104386
1520191838497484800
1520191838958804994
1520191839000793092
1520191839420223488
1520191840166629377
1520191840498114560
1520191840750039040
1520191840846290944
1520191841211146240
1520191841282543617
1520191841429180418
1520191841248989184
1520191842305904642
1520191842515656711
1520191842461044737
1520191843329323023
1520191843668926464
1520191843597799429
1520191843756957696
1520191844579266562
1520191844994461696
1520191845195735042
1520191845526953984
1520191845996711936
1520191846546345984
1520191846579851271
1520191846877732864
1520191847188025344
1520191847297073156
1520191848039522307
1520191848240852992
1520191848597311490
1520191849004158976
1520191849327214593
1520191849524252673
1520191850723876866
1520191850707140608
1520191851310948352
1520191851461894144
1520191851856281601
1520191851663437824
1520191852028309507
1520191852347105286
1520191852481490944
1520191853064167424
1520191853970477056
1520191854351945742
1520191854444269568
1520191856147107841
1520191857090781186
1520191857157984257
1520191857589952514
1520191857690611720
1520191858370043909
1520191858827218952
1520191858957336578
1520191859485814785
1520191860421103617
1520191860869763072
1520191860895068163
1520191862296166400
1520191861520060416
1520191862690123777
1520191863327641600
1520191863696801792
1520191863277432837
1520191863684141056
1520191863847800833
1520191864111988736
1520191864401453056
1520191865366380546
1520191865688977409
1520191865722703874
1520191866028892167
1520191866024644608
1520191865991176192
1520191866352078848
1520191867094188033
1520191867400425472
1520191867564195842
1520191867739992065
1520191869417705472
1520191869568888832
1520191870105661440
1520191870445391872
1520191870470553600
1520191870353166337
1520191870793621505
1520191871196168192
1520191871083249665
1520191871162753029
1520191871787708417
1520191872203116545
1520191872584536066
1520191873192796161
1520191873364627457
1520191873792499714
1520191874702749697
1520191874568720384
1520191874694324224
1520191874933444608
1520191875105402887
1520191875365601281
1520191875646431232
1520191876053225472
1520191876418224128
1520191876682313728
1520191876908863488
1520191877651214336
1520191877764591616
1520191878611628033
1520191878787911685
1520191878804692994
1520191879421124610
1520191879580688385
1520191879865905154
1520191880201342976
1520191880151011328
1520191880398442496
1520191880679542797
1520191880985817088
1520191880767545344
1520191881304580097
1520191881342246917
1520191881631653888
1520191881975578624
1520191882441236480
1520191882587951105
1520191883053461504
1520191883753889792
1520191884135907328
1520191884236369920
1520191884450140160
1520191884844535816
1520191885054480385
1520191885331120130
1520191886824255488
1520191886954491906
1520191886828478467
1520191887226937344
1520191887726223360
1520191887868841984
1520191886455185408
1520191888040640513
1520191887864434689
1520191888900472832
1520191889705742342
1520191890200854528
1520191890171338752
1520191890137788419
1520191890313949185
1520191890632568832
1520191890599129088
1520191891303968768
1520191891505098753
1520191891492409344
1520191891505295360
1520191891773526018
1520191892490956800
1520191892801171457
1520191893111463937
1520191893757440006
1520191894621507584
1520191894898155520
1520191894843654144
1520191895107817472
1520191896601219073
1520191896794152961
1520191896223907840
1520191896878194690
1520191896882008064
1520191897175834627
1520191897607852033
1520191898777841664
1520191899277144064
1520191900296306689
1520191901890056192
1520191901655252992
1520191901714075649
1520191902510813184
1520191903152672769
1520191903286935553
1520191903274315777
1520191904222228483
1520191904478072834
1520191904788402178
1520191905140727808
1520191905262276608
1520191905643958272
1520191905690226688
1520191905799286786
1520191906046627841
1520191906457825281
1520191905979453440
1520191906508156934
1520191906760003584
1520191907183620096
1520191907233931266
1520191907829215233
1520191908609413120
1520191908689199104
1520191908890300416
1520191909054095360
1520191909846736896
1520191910341709826
1520191911901814785
1520191912573030412
1520191912782622720
1520191912145084416
1520191912799608833
1520191914196226064
1520191914720612354
1520191914749833216
1520191915009978368
1520191915928727552
1520191915550982144
1520191916024999936
1520191916180180992
1520191916465623040
1520191916167647232
1520191916482117632
1520191917199269889
1520191917253742592
1520191917363204096
1520191917929398273
1520191917803278336
1520191918319312896
1520191918419890185
1520191918491250688
1520191918948376578
1520191919699402753
1520191919766315010
1520191919862734849
1520191920168972289
1520191920647315456
1520191921544642561
1520191921624289280
1520191921859317762
1520191921955950592
1520191922513584130
1520191922920374273
1520191923134373888
1520191924698816513
1520191924623269888
1520191925109895168
1520191924992614400
1520191924950290434
1520191925189496833
1520191925982216192
1520191926259044352
1520191926993145857
1520191927756505089
1520191927857074177
1520191928234659841
1520191929039925254
1520191929450868737
1520191929748578304
1520191930575073281
1520191930713485312
1520191930872647682
1520191931481231360
1520191931959021568
1520191932344983557
1520191932793868288
1520191932965740545
1520191933200494592
1520191933452234752
1520191934131712001
1520191934387654656
1520191934563643392
1520191934555430912
1520191934719049731
1520191934903558149
1520191935264137216
1520191935402569728
1520191935725592581
1520191935906037766
1520191936040157189
1520191936719695873
1520191936723832833
1520191936879071234
1520191936359026689
1520191936694530048
1520191936966975490
1520191937290305536
1520191938204520448
1520191938531676160
1520191938775121920
1520191939026595845
1520191939173355520
1520191939248889862
1520191939370373120
1520191939638972417
1520191939454423042
1520191939748200448
1520191940268068864
1520191940867899393
1520191940951625728
1520191941916254208
1520191942067433476
1520191942792986624
1520191942939787265
1520191942751137794
1520191943485046789
1520191943690670081
1520191943648677888
1520191944013479936
1520191944726511616
1520191944797958144
1520191945699643393
1520191945804754947
1520191945842335745
1520191946316300288
1520191947175989248
1520191947293536258
1520191947381657602
1520191947885133826
1520191947629072388
1520191948019142658
1520191948677697537
1520191949009035264
1520191949239685126
1520191949709447169
1520191949185196037
1520191950145662977
1520191950309273601
1520191950208606210
1520191951722917889
1520191952121208833
1520191952221880322
1520191952704225284
1520191952767094788
1520191952913842176
1520191949726261250
1520191953345912833
1520191953291284480
1520191953568256002
1520191953488470018
1520191953933111303
1520191953824067584
1520191953819873283
1520191954067378179
1520191954478407681
1520191954595815424
1520191954562154501
1520191954579079168
1520191954209882113
1520191955191406594
1520191955174449152
1520191955329818626
1520191955493429248
1520191956210528256
1520191956223250432
1520191956575559683
1520191956747440128
1520191956642672640
1520191957347323904
1520191957317955586
1520191957632528385
1520191957984755713
1520191958337179648
1520191958563573761
1520191958844645376
1520191959268167680
1520191959335567361
1520191959457234944
1520191959721144320
1520191959586861057
1520191960035872768
1520191960862056448
1520191961151410176
1520191961428332547
1520191961549787136
1520191961785073665
1520191962178981888
1520191962321723392
1520191962523054081
1520191962594299904
1520191962263224320
1520191963143757827
1520191963169161216
1520191963521298432
1520191963718463489
1520191964699938816
1520191965635129344
1520191965626834951
1520191965836550144
1520191966033506305
1520191967480934401
1520191967719833601
1520191967807754240
1520191968416043008
1520191968827084802
1520191969502318599
1520191969401655297
1520191969653309441
1520191969837920256
1520191969791668230
1520191969980428288
1520191970374729729
1520191970655756289
1520191970722803712
1520191970827771905
1520191971725574144
1520191971989626886
1520191972144648192
1520191972547305472
1520191972610355200
1520191972778168321
1520191974321844224
1520191974212579329
1520191974342631424
1520191974652866561
1520191975303303168
1520191975416291328
1520191975688835072
1520191976301375490
1520191976532062208
1520191977165312005
1520191977383694337
1520191977924485121
1520191978599854081
1520191978876686336
1520191978952134656
1520191979136724994
1520191979019198466
1520191979342204929
1520191978993946625
1520191979698720769
1520191979837177856
1520191980566851584
1520191980546011136
1520191981179179009
1520191981569249281
1520191981741240320
1520191983309963264
1520191983448469504
1520191983666479106
1520191983763042304
1520191984199208960
1520191985830678529
1520191986539585540
1520191987219058689
1520191987399417857
1520191987483398144
1520191987680378881
1520191988770893824
1520191989148495872
1520191989081325568
1520191989416931328
1520191990373126146
1520191990444482561
1520191992709492736
1520191992646586368
1520191992965304320
1520191993598873601
1520191993577623553
1520191994236182529
1520191994278166535
1520191994458513408
1520191993808588800
1520191995297386496
1520191995477639168
1520191995741831168
1520191995834437634
1520191996115263489
1520191996505333760
1520191997893660676
1520191998246141952
1520191998250127361
1520191998422134785
1520191999248273408
1520191999340474368
1520192000330502146
1520192000569532417
1520192002226548736
1520192002566074368
1520192002662744065
1520192002054410247
1520192002339618819
1520192003669118982
1520192003702542336
1520192003576934410
1520192004138876929
1520192004583473152
1520192004768026624
1520192005736968193
1520192006244470784
1520192006336782337
1520192007494410240
1520192007678869511
1520192007355969552
1520192008014352384
1520192008006033415
1520192008668606464
1520192008563740672
1520192008522186752
1520192009512034304
1520192009578766336
1520192009734340608
1520192011344748544
1520192011814453250
1520192012062011395
1520192012351598592
1520192012628156416
1520192012913360896
1520192014410829843
1520192014645669889
1520192014989463552
1520192014972821505
1520192015354454016
1520192016780570627
1520192016734433281
1520192017984155648
1520192018282078210
1520192018399514624
1520192018533830656
1520192018605289473
1520192019204825090
1520192019360006144
1520192019578204160
1520192019615862791
1520192019553042434
1520192019871764480
1520192020110848003
1520192020140208129
1520192021453230080
1520192021381914624
1520192021448724481
1520192021570465793
1520192021608398848
1520192022207995905
1520192022304468992
1520192022140882945
1520192022576914432
1520192022723846145
1520192022841241600
1520192023105519620
1520192023138996230
1520192023474491392
1520192023558430720
1520192023994773504
1520192024120541188
1520192024355299328
1520192024418398213
1520192024795877377
1520192024783245312
1520192025131642880
1520192025412386818
1520192026603814912
1520192026922438656
1520192027450818560
1520192027576737801
1520192028822237185
1520192028369637376
1520192028801384448
1520192029145325569
1520192030147678208
1520192030319779842
1520192030588260354
1520192030768570373
1520192032072867840
1520192032320466944
1520192033301811201
1520192033473843201
1520192033608060929
1520192033746567169
1520192034279243783
1520192034262458399
1520192034891567105
1520192035088699393
1520192035210285056
1520192035231531008
1520192035457843202
1520192035793563648
1520192036254670848
1520192036825092097
1520192037135474688
1520192037244473344
1520192038209454080
1520192038234431489
1520192039328964608
1520192039748620288
1520192039975104517
1520192039866052609
1520192040725843970
1520192041359224833
1520192042260967424
1520192042365710336
1520192043108257800
1520192043158540290
1520192043275931649
1520192044056162304
1520192044701999109
1520192044790034432
1520192045100400642
1520192045276483584
1520192045796712448
1520192046237204480
1520192046337724416
1520192046677598208
1520192046421716992
1520192046732091394
1520192047390638080
1520192048560812033
1520192049814904832
1520192050318254081
1520192050569883651
1520192051043729408
1520192051236720640
1520192052134305794
1520192052146802688
1520192052398600194
1520192053128298496
1520192053560283137
1520192054919589889
1520192055347388416
1520192054344957952
1520192055384846336
1520192055393525761
1520192054881570821
1520192055753981958
1520192056295141378
1520192056416608257
1520192056626397184
1520192056521629696
1520192057163321345
1520192057461067776
1520192057477787648
1520192056911564800
1520192057830252545
1520192058031497224
1520192057926729731
1520192056601239552
1520192058220195840
1520192058517950464
1520192059344408578
1520192059482673152
1520192059688300546
1520192059742687232
1520192059730137093
1520192059541704704
1520192062041165825
1520192062607577093
1520192063035293702
1520192063098216448
1520192063249256449
1520192063328997377
1520192063438213120
1520192063542902786
1520192065757405187
1520192065895731200
1520192066105462784
1520192065996419072
1520192066407567367
1520192066822754305
1520192067208720386
1520192067325947905
1520192067531595809
1520192067498041346
1520192067577819137
1520192067682586624
1520192068244619269
1520192068135575552
1520192068668338179
1520192068961935360
1520192068798361602
1520192069762912256
1520192070497214464
1520192071335911424
1520192071637909508
1520192071831031808
1520192069863624711
1520192072107630592
1520192072090853379
1520192072883527682
1520192073240043521
1520192073604947975
1520192073688772611
1520192073735016450
1520192073949118465
1520192074406051840
1520192074750074881
1520192074800193536
1520192075144531969
1520192075576209410
1520192076071194625
1520192076373270534
1520192076574568449
1520192076830367746
1520192077539069957
1520192078462042119
1520192078558502913
1520192079078785025
1520192079322042368
1520192079812464640
1520192080462573568
1520192080664219648
1520192081007812608
1520192081213415426
1520192081544859649
1520192081385476096
1520192082089963521
1520192082224291843
1520192083239129089
1520192083285397514
1520192083436666882
1520192084031856641
1520192084208021506
1520192084074012674
1520192084946432006
1520192085495791616
1520192085793640449
1520192085592223744
1520192086200524801
1520192087001792512
1520192087098109953
1520192088398524416
1520192089090408449
1520192090612932608
1520192090566950913
1520192090965168131
1520192090956828672
1520192091598598144
1520192092525539330
1520192092907073536
1520192093993504768
1520192093762641921
1520192094253559826
1520192094551347200
1520192094719328257
1520192095448977408
1520192096388493312
1520192096569012224
1520192097088950273
1520192097428586498
1520192097613234179
1520192098074431489
1520192098389045248
1520192098305298432
1520192098347147264
1520192098728910849
1520192099244773377
1520192099701993476
1520192099920060417
1520192101400592384
1520192101589430273
1520192101350215680
1520192101866221570
1520192102172344322
1520192102243741696
1520192102352699393
1520192102302633984
1520192103040446464
1520192103007109121
1520192103443222557
1520192103376162819
1520192103594274819
1520192103552323584
1520192103682297856
1520192104047144960
1520192104584159232
1520192104730931202
1520192104642846721
1520192104957644803
1520192106181980160
1520192107075366912
1520192107138490369
1520192107201318913
1520192107587248137
1520192108971368450
1520192109331898368
1520192110057697280
1520192109944483841
1520192109906513920
1520192111185960960
1520192111261667329
1520192111685120002
1520192110313541633
1520192111899189248
1520192112045797376
1520192111987109888
1520192112892993537
1520192113454899200
1520192113446731778
1520192114813939712
1520192114469994496
1520192115837480961
1520192115984195586
1520192116215152640
1520192116508479503
1520192116751683585
1520192116630167552
1520192117418737665
1520192117099974662
1520192117993521153
1520192118148456456
1520192118421344261
1520192118643376128
1520192118765010946
1520192119964635139
1520192120048394240
1520192120103092224
1520192120333688832
1520192120543498241
1520192120585293824
1520192121667424256
1520192122779058176
1520192123017961473
1520192123420790785
1520192123668090880
1520192123634659333
1520192123861098498
1520192124146307072
1520192124347629571
1520192125694058497
1520192126063345664
1520192126570668033
1520192126612606976
1520192127992537094
1520192128198008834
1520192129028399104
1520192129334714368
1520192129296965635
1520192129196253184
1520192129724973056
1520192129443766272
1520192130085531648
1520192130127437824
1520192130089578496
1520192130576109568
1520192130454499328
1520192130643341312
1520192130349682688
1520192131066957825
1520192131259940865
1520192131545149443
1520192131591073792
1520192131809353730
1520192132182683648
1520192132010721283
1520192132908265472
1520192133843591170
1520192133935763456
1520192134015500288
1520192134128807937
1520192134242082822
1520192135177412609
1520192135101771776
1520192135160426496
1520192135298883585
1520192135827537923
1520192136108560384
1520192135953534976
1520192136934830087
1520192137836605446
1520192137526140933
1520192138591576065
1520192138998423552
1520192139082317824
1520192139820515331
1520192139979681792
1520192140298448897
1520192140403527682
1520192140743086080
1520192141376606217
1520192141611339776
1520192142240485376
1520192142391488512
1520192142802567169
1520192143427608576
1520192144014598144
1520192144295800832
1520192145285541888
1520192145709281282
1520192145159819265
1520192145872900096
1520192146179035136
1520192149077254144
1520192149177909249
1520192150016708608
1520192150373380096
1520192152361488387
1520192153263419392
1520192153485463553
1520192153682599938
1520192153758097408
1520192154437656576
1520192154899001345
1520192154815115265
1520192155146506242
1520192156215955456
1520192157033938944
1520192157428109313
1520192157457711104
1520192157763522560
1520192157696417792
1520192157864267777
1520192158262775808
1520192158984294406
1520192159982436352
1520192159932162048
1520192160133492741
1520192160481435648
1520192160464789504
1520192160586506243
1520192161282772995
1520192161337286657
1520192161177915394
1520192161576534016
1520192162041839618
1520192162058625024
1520192162230681603
1520192161568165888
1520192162880798721
1520192163010998272
1520192163216248833
1520192163753123840
1520192163778244608
1520192164025753601
1520192164365410304
1520192165296717824
1520192165594296320
1520192166013935618
1520192167452495896
1520192167926321152
1520192168706539520
1520192168748593157
1520192168975085568
1520192169553784832
1520192169919008768
1520192170539560960
1520192168559792128
1520192171588169729
1520192172192108545
1520192172158562305
1520192172443770880
1520192172519268352
1520192172599160832
1520192172565270528
1520192172653531137
1520192173316067328
1520192173559353344
1520192173441884161
1520192173387309057
1520192173941342209
1520192174305910784
1520192174326960128
1520192176172404736
1520192176185122817
1520192176772333568
1520192177145475072
1520192177976057856
1520192178474999808
1520192178873585666
1520192178445770752
1520192178873520128
1520192179179646976
1520192179158794243
1520192179783753729
1520192180777803776
1520192181134319616
1520192181260230660
1520192181998292993
1520192181952290816
1520192182627409921
1520192183055405058
1520192184288518150
1520192184498151425
1520192184456298499
1520192184603054080
1520192185085628416
1520192185412759552
1520192185966403584
1520192186737905664
1520192187103051776
1520192187539103745
1520192187891286016
1520192187975282688
1520192188432457728
1520192189040582657
1520192189208449024
1520192189900406790
1520192189959065600
1520192190173040641
1520192190483509248
1520192190655389696
1520192191573880832
1520192192245116928
1520192192924598272
1520192193817841664
1520192195885731840
1520192195982237697
1520192196217126912
1520192196191956994
1520192196246396930
1520192197211086851
1520192198406463488
1520192198943571968
1520192199119491073
1520192199299944448
1520192199136317441
1520192199719280640
1520192199753089024
1520192199887048704
1520192199996018688
1520192200071467008
1520192200256204801
1520192200184930304
1520192201199742976
1520192201451581444
1520192201497714690
1520192201984294914
1520192202588176384
1520192203024306176
1520192203343245313
1520192203355680768
1520192203535966208
1520192203519410176
1520192203678695426
1520192204391825408
1520192204463276032
1520192205129977857
1520192205981466625
1520192206837096449
1520192206996316160
1520192207059394560
1520192207164162049
1520192207382360070
1520192207587848195
1520192207696793600
1520192207826919425
1520192207973666822
1520192208368021504
1520192208393097218
1520192208447721472
1520192209341104130
1520192209437573127
1520192210435817475
1520192210607693825
1520192210603581443
1520192210695770113
1520192211064967171
1520192211576578049
1520192212268732422
1520192212201476096
1520192212100960256
1520192211941564419
1520192212642013184
1520192212973371394
1520192213224804352
1520192213707378688
1520192213896110081
1520192214097219585
1520192214080442368
1520192214005022720
1520192214382436353
1520192214567170050
1520192214776823809
1520192215565307904
1520192216236392449
1520192216450277376
1520192216899063808
1520192217750831105
1520192218685972484
1520192218937581569
1520192218690113536
1520192219566723072
1520192220699271168
1520192220858617857
1520192221445824514
1520192221936758786
1520192221923917825
1520192222167277571
1520192222301409285
1520192222548926464
1520192224079888392
1520192224440594432
1520192224549646336
1520192225157820422
1520192226160046080
1520192226130808832
1520192226911039497
1520192227007504385
1520192227514875904
1520192227867303936
1520192227863109632
1520192228706209792
1520192228697591808
1520192229918322688
1520192230572666881
1520192230715232257
1520192230790766592
1520192230891401217
1520192231130423299
1520192231587598342
1520192231797256192
1520192232200056832
1520192232229425154
1520192233999376386
1520192234905350145
1520192235152846849
1520192235572056064
1520192236230963200
1520192236524167169
1520192237409566720
1520192237690408960
1520192238160072709
1520192237883117568
1520192238390812674
1520192239275851778
1520192239523311624
1520192239821070342
1520192241226162177
1520192241569976320
1520192242094206976
1520192242316681220
1520192242824142850
1520192242970939392
1520192243159953408
1520192244262780933
1520192244355108877
1520192245206601728
1520192246456410115
1520192246469087233
1520192247261798401
1520192246892703744
1520192247643316224
1520192248113156096
1520192248306180102
1520192248905756672
1520192249023406080
1520192249019215874
1520192249505599488
1520192250113929216
1520192250176847872
1520192250747129856
1520192251653107712
1520192251875323905
1520192251682598912
1520192252508782592
1520192253171429377
1520192254010269696
1520192254048018432
1520192254056579073
1520192254866042886
1520192255960694785
1520192256338243585
1520192255822536704
1520192257705619458
1520192257864859650
1520192258133295104
1520192258712260609
1520192259160870912
1520192259265814529
1520192259785900032
1520192259563659267
1520192259853008897
1520192259999870976
1520192259962060801
1520192259982983169
1520192260700315648
1520192260738064384
1520192261291909120
1520192262512250889
1520192263187533824
1520192263372034049
1520192263908855809
1520192263904706566
1520192264076681216
1520192264932364288
1520192265448148992
1520192265590820868
1520192266018897922
1520192266383540226
1520192267004399616
1520192267482501120
1520192267759362048
1520192267889385473
1520192268199636992
1520192269147594752
1520192269567070208
1520192269831139330
1520192269835415557
1520192269994938368
1520192270292578304
1520192270124957697
1520192270963658754
1520192272616226816
1520192272725200896
1520192273048383488
1520192273388027911
1520192273283117058
1520192274839265280
1520192274969243648
1520192275145498624
1520192276097556482
1520192276298936321
1520192276428951553
1520192277435625473
1520192277859414016
1520192277930516483
1520192278178021378
1520192278660362240
1520192278916120576
1520192279599890433
1520192279968952322
1520192280384180224
1520192280413589505
1520192280870756352
1520192280912617478
1520192281600573441
1520192282091216896
1520192282410074112
1520192282745774080
1520192283018211328
1520192284565909504
1520192284628852736
1520192284242939904
1520192286008791041
1520192287195631617
1520192286755328001
1520192287367737345
1520192287598391297
1520192287648919554
1520192287866646528
1520192288282062849
1520192288537911296
1520192288688947201
1520192288902766595
1520192288969924610
1520192289397776384
1520192289431187456
1520192289439686657
1520192289741680646
1520192289963970560
1520192290530209795
1520192291104768000
1520192291410874369
1520192291557855233
1520192291935178752
1520192292551680000
1520192292422033408
1520192292962766848
1520192292954509315
1520192293533372420
1520192293730492416
1520192294447722496
1520192294552485889
1520192295949287426
1520192295932420096
1520192297073357000
1520192297048186887
1520192298327310336
1520192298147098634
1520192298331611136
1520192299195846656
1520192299761692672
1520192299527184384
1520192299828924418
1520192299837366272
1520192299879309312
1520192300277587968
1520192300571258880
1520192300726382592
1520192300244103168
1520192301179576320
1520192300781080577
1520192301720641536
1520192302240923648
1520192302240591872
1520192300671983617
1520192302903402497
1520192304254009344
1520192304505843712
1520192304451051521
1520192304719724544
1520192305516404736
1520192305709207552
1520192305571196928
1520192305617022976
1520192306028105735
1520192306510721024
1520192307147988992
1520192307386982400
1520192307252928512
1520192307735109633
1520192307751911424
1520192309224169473
1520192309601652737
1520192309983420419
1520192311296237571
1520192311346479104
1520192311384317952
1520192311531282432
1520192312160055296
1520192312072093696
1520192312600584197
1520192312600502272
1520192313582043139
1520192313791631361
1520192313779429376
1520192313892347905
1520192312957181960
1520192314114772992
1520192314194411520
1520192314274205696
1520192314500689921
1520192314647396355
1520192314890727425
1520192315716943872
1520192316870471680
1520192317499584516
1520192317965365248
1520192317998706688
1520192318086733825
1520192318845952002
1520192319332491264
1520192319735009280
1520192319957385219
1520192320863453184
1520192322226565125
1520192322583121921
1520192323451240448
1520192323530870784
1520192323954565121
1520192324508307458
1520192325024165888
1520192325267435520
1520192325745446912
1520192325758046208
1520192326034984961
1520192326169157635
1520192326144045056
1520192326815170564
1520192326953406464
1520192327091994627
1520192327045820416
1520192327121317888
1520192328127827968
1520192328736116737
1520192328681500672
1520192328824205327
1520192329306370048
1520192329562443783
1520192329814003712
1520192329910722560
1520192330363715584
1520192330652917766
1520192331315621889
1520192331814785024
1520192331915223040
1520192331856715777
1520192332364193792
1520192332452306945
1520192332813029376
1520192333077114880
1520192332989095938
1520192333186273280
1520192333404385280
1520192333794398208
1520192335061135361
1520192335543345153
1520192336139276288
1520192337174966272
1520192337217007617
1520192337229631488
1520192337426714629
1520192338466938882
1520192338764591104
1520192339234496518
1520192339167354880
1520192339238563840
1520192339339137025
1520192340371165187
1520192340585062400
1520192340903796744
1520192340996071426
1520192341226803200
1520192341704802304
1520192341788692480
1520192341864161280
1520192342501822464
1520192343617454080
1520192343919538178
1520192344003428354
1520192345098104834
1520192345614196736
1520192345664196608
1520192346066935811
1520192346163494913
1520192346557669377
1520192347241340929
1520192347451105280
1520192347589558272
1520192348369608710
1520192348168237056
1520192348621316098
1520192349112090627
1520192350294843393
1520192350739329024
1520192351074979842
1520192350621949953
1520192351347810304
1520192351666204672
1520192351557328897
1520192351796301824
1520192351754678272
1520192351695691778
1520192352182280194
1520192352215785472
1520192352979079168
1520192353226862593
1520192353578983424
1520192353750900736
1520192353943793664
1520192354006753281
1520192354065559553
1520192354698907655
1520192354908528640
1520192356087119877
1520192356158349313
1520192356229730304
1520192357236641792
1520192357680828416
1520192357722861573
1520192357773176832
1520192358934978561
1520192358935146498
1520192359832559616
1520192361007140864
1520192361070051329
1520192361460031489
1520192361770684416
1520192362219143168
1520192362693025792
1520192363121025024
1520192363204800513
1520192364765188098
1520192364869996549
1520192365478129664
1520192365411303425
1520192365507579905
1520192365650141187
1520192365784440835
1520192365948030980
1520192365792665600
1520192366216372225
1520192366115758083
1520192366606528513
1520192366661021704
1520192366925262850
1520192367344721924
1520192367868923906
1520192367764156416
1520192367818526720
1520192368590393347
1520192368821280769
1520192369378926595
1520192369676718083
1520192369907404800
1520192370142334976
1520192370582638595
1520192370825957379
1520192371761324035
1520192372101070848
1520192371979218944
1520192372927348737
1520192373116055552
1520192373313220608
1520192373623595008
1520192374013632514
1520192373808156673
1520192374126915585
1520192374575616005
1520192374856888320
1520192376186146816
1520192376488169472
1520192376475906049
1520192376605757440
1520192376991621120
1520192377566072832
1520192377822093317
1520192378040107009
1520192378644037632
1520192379055079424
1520192379831074819
1520192380028305408
1520192379973935104
1520192379143131136
1520192381013872640
1520192381051879424
1520192381706018820
1520192382205149185
1520192382066905090
1520192383035625472
1520192383744364544
1520192383945789440
1520192384822177792
1520192384964956162
1520192385208229890
1520192385464291328
1520192385808019457
1520192385887657993
1520192386575769600
1520192387103961088
1520192387640926211
1520192388647501825
1520192389301866502
1520192390073442305
1520192390321131527
1520192390757113856
1520192391114027009
1520192390996262912
1520192391281524736
1520192391269044224
1520192392724373505
1520192392812367872
1520192393001197568
1520192393693339648
1520192394796228608
1520192395819761666
1520192396444590081
1520192397166395394
1520192397405216777
1520192397472370691
1520192398030168064
1520192398223187974
1520192398499921920
1520192398588104706
1520192398793613312
1520192399116357632
1520192399183646720
1520192399921737729
1520192399707889664
1520192400441987074
1520192400634912768
1520192401683324928
1520192402333618176
1520192402723508224
1520192403440865287
1520192403818180608
1520192404002848769
1520192404216635392
1520192404547981312
1520192404694917121
1520192404783050752
1520192405362077696
1520192405567377409
1520192405709856768
1520192405655498753
1520192405781499904
1520192405831663622
1520192405839962112
1520192405944905728
1520192406309806081
1520192406485827584
1520192406708047872
1520192407035334657
1520192407157248000
1520192407635120131
1520192408440430593
1520192408679550979
1520192408968830976
1520192409086447616
1520192409434738688
1520192409950474243
1520192410524917761
1520192410889953309
1520192411426766848
1520192412320161792
1520192412605374464
1520192412810825728
1520192412827721733
1520192412907233281
1520192413205241857
1520192413335228416
1520192413268164608
1520192414161543168
1520192414329323528
1520192414664732672
1520192414987603969
1520192415138672640
1520192415281389569
1520192415629512704
1520192415667269633
1520192415843463173
1520192415725867009
1520192415935741952
1520192415939846145
1520192415998611457
1520192416179007488
1520192416115953664
1520192416376147969
1520192418905300992
1520192419077115904
1520192419324592128
1520192419181916161
1520192419899318274
1520192420033736704
1520192420415258625
1520192420868407296
1520192420905893888
1520192422076166144
1520192423498231808
1520192424148353024
1520192424118788096
1520192424278212609
1520192425096060928
1520192425309913089
1520192424613658624
1520192425884631048
1520192425892925443
1520192426408923137
1520192426392043523
1520192426547286018
1520192427809718276
1520192427885309952
1520192428308840456
1520192428355031048
1520192428367663104
1520192429152149505
1520192429495926784
1520192429722275842
1520192430171164673
1520192430271713280
1520192430443831296
1520192431077138432
1520192431127293952
1520192431311888384
1520192431689449475
1520192431815524352
1520192432066936839
1520192432591147008
1520192433279143937
1520192433522360320
1520192433669263362
1520192433816219648
1520192433937596418
1520192434210279424
1520192434608562176
1520192434591961090
1520192435418193921
1520192436223774720
1520192436470960128
1520192436600905728
1520192437787967488
1520192437830000640
1520192438094241792
1520192438362587137
1520192438475927553
1520192438832611328
1520192439142731776
1520192439235002370
1520192439281242112
1520192439746654208
1520192439616745472
1520192440107474944
1520192440476606466
1520192440912650240
1520192441537728515
1520192442238070784
1520192442259156995
1520192442489782272
1520192444758994945
1520192445043986432
1520192444939264001
1520192446587625472
1520192446789046275
1520192447531261952
1520192447640387585
1520192447640440834
1520192447673896960
1520192448055570432
1520192447812415488
1520192449561432064
1520192449834008578
1520192449838264320
1520192450320474112
1520192450568065034
1520192451641847808
1520192451683622913
1520192452648263681
1520192453202132992
1520192453524951040
1520192453831188481
1520192453827088384
1520192454028312578
1520192454309597184
1520192454217117699
1520192454276059136
1520192454758084608
1520192454812655617
1520192455064260610
1520192455051661312
1520192455005683713
1520192455731073024
1520192456343576577
1520192456570114055
1520192456477736961
1520192456817582083
1520192457262075905
1520192457501298690
1520192457643896832
1520192457631322114
1520192457920507904
1520192457656258560
1520192457996132352
1520192458507755520
1520192458608590848
1520192458671673344
1520192458877026309
1520192458994372609
1520192459023822849
1520192459330015232
1520192459636023297
1520192459707502593
1520192460084838401
1520192460076556291
1520192460202328064
1520192460319858690
1520192460529573889
1520192460827377664
1520192460588302336
1520192461158731776
1520192461284405248
1520192461423124480
1520192461561204736
1520192461779333121
1520192462454947840
1520192461984960513
1520192463868104704
1520192464249933831
1520192464430288896
1520192464920797184
1520192464929398785
1520192464895631360
1520192465067810818
1520192465013440512
1520192464954421248
1520192465470472195
1520192465906634754
1520192466271485952
1520192466510839808
1520192466456317952
1520192467064217601
1520192467173322752
1520192468142198785
1520192468788322304
1520192469530562560
1520192469673156608
1520192470872899584
1520192470910308352
1520192471652835329
1520192471933800449
1520192472453943298
1520192472848117760
1520192472864886785
1520192472852402177
1520192473640886272
1520192473645125632
1520192473993252865
1520192474190385154
1520192474236522496
1520192474727202819
1520192475389829121
1520192475301916673
1520192475616497668
1520192475159216128
1520192475964612612
1520192476077871105
1520192476224630784
1520192476333559814
1520192475939409920
1520192476534910976
1520192476824612864
1520192476816056323
1520192476715356160
1520192477214302208
1520192477717803010
1520192477818679296
1520192477843623939
1520192478145839106
1520192478485401600
1520192479206776835
1520192479269728261
1520192479592603648
1520192479705935879
1520192479840059393
1520192480020508672
1520192480372699136
1520192480519589888
1520192481001984001
1520192481190633474
1520192480913809409
1520192481828212736
1520192482062921728
1520192482000384000
1520192482243678208
1520192482860224512
1520192482872504321
1520192482834882560
1520192483640098817
1520192484378570752
1520192484873170949
1520192484822994944
1520192485200637952
1520192485565247488
1520192485666041856
1520192485540212741
1520192485636681728
1520192486232129536
1520192486622343170
1520192488593674240
1520192489122107392
1520192489923264512
1520192490489671680
1520192490996965396
1520192491068313607
1520192491726815250
1520192491785535488
1520192492452425728
1520192492750000128
1520192492834103296
1520192493031149580
1520192493140205569
1520192493261836288
1520192493433896966
1520192493383569410
1520192493345820681
1520192494436290561
1520192494918684672
1520192495287779328
1520192495501692936
1520192495740612608
1520192496160100352
1520192496240033793
1520192497217114119
1520192497451941888
1520192497997205512
1520192498748071936
1520192498920001537
1520192498957705217
1520192498756464641
1520192499783938048
1520192501352890369
1520192501420032000
1520192501633671169
1520192502208339970
1520192502795546633
1520192502975893504
1520192503160672256
1520192503391166464
1520192502749351948
1520192503764426755
1520192503827382273
1520192504410394624
1520192504842252288
1520192504800325632
1520192505261826048
1520192505236570114
1520192505127522304
1520192505467265024
1520192505697996800
1520192505983209473
1520192505987407872
1520192505999937543
1520192506478010368
1520192506654191616
1520192506733817858
1520192507191042049
1520192507178594304
1520192507853918210
1520192507992322049
1520192508462080004
1520192508570918912
1520192508906586115
1520192510404042752
1520192510475345927
1520192510609534981
1520192510810750977
1520192510873591808
1520192510882160640
1520192511154741249
1520192511142395904
1520192511356153856
1520192511884640264
1520192512224378882
1520192512505249792
1520192513294090241
1520192513541292038
1520192514187489281
1520192514451517445
1520192514602414080
1520192514631815173
1520192514417991680
1520192514942246912
1520192515004985344
1520192515625951232
1520192516091428865
1520192516800266242
1520192516888399872
1520192517475602432
1520192519363043328
1520192519727980544
1520192519899795456
1520192520029827077
1520192519866265600
1520192520357093378
1520192520042467329
1520192521141460992
1520192521934147585
1520192521804124160
1520192522827538433
1520192523284541440
1520192523049779201
1520192524991746050
1520192525105262592
1520192526182981632
1520192526455562240
1520192526623199232
1520192526270959616
1520192525856034816
1520192526933766144
1520192527919370252
1520192528062029825
1520192528200474628
1520192528221458433
1520192528808620032
1520192528980451328
1520192529131483136
1520192529366667265
1520192529391517696
1520192529442172929
1520192529345306624
1520192529647476736
1520192531866484736
1520192532201844736
1520192533300752385
1520192533200048129
1520192533476917256
1520192533418364928
1520192533439070209
1520192535058034688
1520192535855083521
1520192535783649280
1520192535808942081
1520192535729217536
1520192535855042563
1520192536467238912
1520192536966533120
1520192537713127424
1520192538103414784
1520192538124107776
1520192538740772865
1520192539004792832
1520192539164393472
1520192539470532608
1520192540279930880
1520192541093769216
1520192541026504705
1520192542046040065
1520192542100406273
1520192542221905920
1520192542763069446
1520192544226881537
1520192544667148289
1520192544688201729
1520192544608452608
1520192544944009216
1520192545036193794
1520192545023827969
1520192545296465920
1520192546009350144
1520192546311442433
1520192546118332416
1520192546357526530
1520192546609057792
1520192546625839105
1520192546885963776
1520192547003551746
1520192547209060353
1520192547913613312
1520192548811194368
1520192548802908161
1520192549352361989
1520192549146828802
1520192549830512641
1520192550178541568
1520192550237319178
1520192551667572736
1520192551830974464
1520192551847747584
1520192552334331904
1520192552334467073
1520192552296718338
1520192552581967874
1520192553055752192
1520192553580208128
1520192553379065856
1520192553378885635
1520192554230509568
1520192554347552769
1520192554687471617
1520192555220148224
1520192555904016384
1520192555773747201
1520192556092608512
1520192556465893378
1520192556902006785
1520192558080487425
1520192559166984192
1520192559221702656
1520192559728971785
1520192559875862528
1520192560102350852
1520192560186146816
1520192560165179394
1520192560815394817
1520192560886841344
1520192561461178369
1520192562186833921
1520192562803400707
1520192563591974912
1520192564296626177
1520192564544032769
1520192565752041473
1520192565961797633
1520192566209093632
1520192566129475584
1520192566603382784
1520192566473498626
1520192566695800832
1520192566708391936
1520192566859378689
1520192567702433793
1520192567173918720
1520192567853289472
1520192568046194689
1520192568570662914
1520192569065361408
1520192569199800327
1520192569392738304
1520192569908420609
1520192570466643968
1520192570437283840
1520192570747326464
1520192571502379011
1520192571741405185
1520192571997368320
1520192572085387270
1520192572915814400
1520192572962050054
1520192573180375045
1520192573633085441
1520192573800919040
1520192574430056448
1520192574442643457
1520192574723555330
1520192574987943937
1520192575436562432
1520192576015507475
1520192576220897280
1520192577282183170
1520192577835839488
1520192577877987330
1520192578104152066
1520192578439720960
1520192578624315392
1520192578884456449
1520192578234236928
1520192578922024960
1520192579186438145
1520192580931178501
1520192581145141248
1520192581191094272
1520192582030143488
1520192582151778304
1520192582709567488
1520192582810275846
1520192583024230401
1520192583745552390
1520192583741415425
1520192583997308929
1520192585167474688
1520192585192595456
1520192586283200512
1520192587101052928
1520192587528777729
1520192587478482944
1520192587482767361
1520192587679899648
1520192588409675778
1520192588623618050
1520192588610871296
1520192588762030083
1520192588954935296
1520192589089017856
1520192589227507712
1520192589537976320
1520192589542178821
1520192589953179649
1520192589323849729
1520192590867582976
1520192591425417217
1520192592142610437
1520192592272674816
1520192593149464576
1520192593342128129
1520192593409228801
1520192593447079936
1520192594147700736
1520192594608902144
1520192595217027080
1520192595355332608
1520192595716157440
1520192596030943233
1520192597389504512
1520192597603479553
1520192597591011329
1520192597779656704
1520192597830078464
1520192598664794112
1520192599100960769
1520192599138902017
1520192599646416896
1520192599289745410
1520192599793020929
1520192600187105282
1520192600313143296
1520192600694689792
1520192600770232320
1520192600791265282
1520192601319632896
1520192601478995968
1520192601625968640
1520192602254942208
1520192602460598362
1520192603064782848
1520192603593052160
1520192603639390209
1520192604100562945
1520192604452921344
1520192604859772934
1520192605266616323
1520192605384028160
1520192606604509186
1520192606617194497
1520192607380701184
1520192607783112704
1520192608215179264
1520192608424787968
1520192608576077824
1520192608764583937
1520192608865292296
1520192608844546048
1520192609343442947
1520192609595142144
1520192609800622081
1520192611339886592
1520192611302227971
1520192613982392320
1520192614171037698
1520192614896738307
1520192615161167872
1520192615672692736
1520192615911772160
1520192616025178112
1520192616557600768
1520192616578842625
1520192616691748866
1520192617459367936
1520192617941774336
1520192618189099008
1520192618679914497
1520192618558197760
1520192618940055552
1520192619598737408
1520192619703324673
1520192620026376193
1520192620529688580
1520192619959099393
1520192620970102784
1520192620861222912
1520192621569847301
1520192621934743558
1520192621943132160
1520192623071440897
1520192623222624257
1520192623494918144
1520192624120016898
1520192624124125186
1520192624212119552
1520192622765215753
1520192624686153728
1520192625336373250
1520192625818562560
1520192626103922689
1520192626573590529
1520192627236253696
1520192628079284224
1520192628188397570
1520192628247175195
1520192628402311170
1520192628394164224
1520192628377149440
1520192628830216193
1520192629656494088
1520192630331961345
1520192630184837120
1520192630721810432
1520192631233335296
1520192631346716673
1520192631220969479
1520192631262822400
1520192631518769153
1520192631510339587
1520192631841574913
1520192632277843968
1520192633036894209
1520192632961568770
1520192634064494592
1520192634765066241
1520192635067064320
1520192635331559424
1520192635847294979
1520192636677758979
1520192636547653633
1520192637285896194
1520192637541756928
1520192638082859014
1520192638246211584
1520192638271557639
1520192638938451969
1520192638921674753
1520192638934167552
1520192639131435009
1520192640083501056
1520192640448438274
1520192640553132032
1520192640893001728
1520192641102622720
1520192641622810626
1520192641555566593
1520192642302103554
1520192642239590400
1520192642612609026
1520192642734510081
1520192642877132801
1520192642692358146
1520192642872659968
1520192643325648896
1520192643585777664
1520192643728384001
1520192643891965960
1520192644726632448
1520192644319690754
1520192645024333825
1520192645158653952
1520192646320652289
1520192646400118785
1520192646739804160
1520192646957871104
1520192647549358081
1520192647511617536
1520192648241319936
1520192648430198784
1520192648455274497
1520192648958529536
1520192649910800384
1520192650241925121
1520192650082758656
1520192650304966657
1520192650355560448
1520192650602631168
1520192650925985797
1520192651324424192
1520192651336814594
1520192651361935362
1520192651714248704
1520192651470987265
1520192651743571968
1520192651827589123
1520192652007907333
1520192652800573441
1520192652859383808
1520192653052235777
1520192654662897666
1520192654897827840
1520192654818086918
1520192655178694657
1520192655795367936
1520192656462200833
1520192656948690945
1520192656919441408
1520192656919261184
1520192657439395840
1520192657477099520
1520192657833840642
1520192658131484672
1520192658551066624
1520192658584571904
1520192658786091008
1520192658848706561
1520192658693632003
1520192659247099904
1520192659444449280
1520192660061003777
1520192660740313090
1520192661239513088
1520192661524676610
1520192662279962624
1520192662598557696
1520192662783021064
1520192664573931522
1520192664729272320
1520192665085566976
1520192666696400897
1520192667149377537
1520192667350614020
1520192667354730496
1520192667598356480
1520192667652698117
1520192667950403586
1520192668147793920
1520192668088901635
1520192668202151938
1520192669267349505
1520192669275680769
1520192669880053760
1520192670261551110
1520192670152409096
1520192670856933376
1520192671104466944
1520192671419342848
1520192671557500928
1520192673180696576
1520192673335943168
1520192673524637697
1520192673411444737
1520192674090799104
1520192674418020352
